points: Circle_circles[2].center
(0.000000,0.000000,0.000000)
lines: Circle_circles[2].lines
(15.000000,0.000000,0.000000)(14.881721,1.879999,0.000000)(0,0,255)
(14.881721,1.879999,0.000000)(14.528747,3.730348,0.000000)(0,0,255)
(14.528747,3.730348,0.000000)(13.946647,5.521868,0.000000)(0,0,255)
(13.946647,5.521868,0.000000)(13.144600,7.226305,0.000000)(0,0,255)
(13.144600,7.226305,0.000000)(12.135255,8.816779,0.000000)(0,0,255)
(12.135255,8.816779,0.000000)(10.934529,10.268207,0.000000)(0,0,255)
(10.934529,10.268207,0.000000)(9.561360,11.557699,0.000000)(0,0,255)
(9.561360,11.557699,0.000000)(8.037402,12.664919,0.000000)(0,0,255)
(8.037402,12.664919,0.000000)(6.386689,13.572406,0.000000)(0,0,255)
(6.386689,13.572406,0.000000)(4.635255,14.265848,0.000000)(0,0,255)
(4.635255,14.265848,0.000000)(2.810720,14.734309,0.000000)(0,0,255)
(2.810720,14.734309,0.000000)(0.941858,14.970401,0.000000)(0,0,255)
(0.941858,14.970401,0.000000)(-0.941858,14.970401,0.000000)(0,0,255)
(-0.941858,14.970401,0.000000)(-2.810720,14.734309,0.000000)(0,0,255)
(-2.810720,14.734309,0.000000)(-4.635255,14.265848,0.000000)(0,0,255)
(-4.635255,14.265848,0.000000)(-6.386689,13.572406,0.000000)(0,0,255)
(-6.386689,13.572406,0.000000)(-8.037402,12.664919,0.000000)(0,0,255)
(-8.037402,12.664919,0.000000)(-9.561360,11.557699,0.000000)(0,0,255)
(-9.561360,11.557699,0.000000)(-10.934529,10.268207,0.000000)(0,0,255)
(-10.934529,10.268207,0.000000)(-12.135255,8.816779,0.000000)(0,0,255)
(-12.135255,8.816779,0.000000)(-13.144600,7.226305,0.000000)(0,0,255)
(-13.144600,7.226305,0.000000)(-13.946647,5.521868,0.000000)(0,0,255)
(-13.946647,5.521868,0.000000)(-14.528747,3.730348,0.000000)(0,0,255)
(-14.528747,3.730348,0.000000)(-14.881721,1.879999,0.000000)(0,0,255)
(-14.881721,1.879999,0.000000)(-15.000000,0.000000,0.000000)(0,0,255)
(-15.000000,0.000000,0.000000)(-14.881721,-1.879999,0.000000)(0,0,255)
(-14.881721,-1.879999,0.000000)(-14.528747,-3.730348,0.000000)(0,0,255)
(-14.528747,-3.730348,0.000000)(-13.946647,-5.521868,0.000000)(0,0,255)
(-13.946647,-5.521868,0.000000)(-13.144600,-7.226305,0.000000)(0,0,255)
(-13.144600,-7.226305,0.000000)(-12.135255,-8.816779,0.000000)(0,0,255)
(-12.135255,-8.816779,0.000000)(-10.934529,-10.268207,0.000000)(0,0,255)
(-10.934529,-10.268207,0.000000)(-9.561360,-11.557699,0.000000)(0,0,255)
(-9.561360,-11.557699,0.000000)(-8.037402,-12.664919,0.000000)(0,0,255)
(-8.037402,-12.664919,0.000000)(-6.386689,-13.572406,0.000000)(0,0,255)
(-6.386689,-13.572406,0.000000)(-4.635255,-14.265848,0.000000)(0,0,255)
(-4.635255,-14.265848,0.000000)(-2.810720,-14.734309,0.000000)(0,0,255)
(-2.810720,-14.734309,0.000000)(-0.941858,-14.970401,0.000000)(0,0,255)
(-0.941858,-14.970401,0.000000)(0.941858,-14.970401,0.000000)(0,0,255)
(0.941858,-14.970401,0.000000)(2.810720,-14.734309,0.000000)(0,0,255)
(2.810720,-14.734309,0.000000)(4.635255,-14.265848,0.000000)(0,0,255)
(4.635255,-14.265848,0.000000)(6.386689,-13.572406,0.000000)(0,0,255)
(6.386689,-13.572406,0.000000)(8.037402,-12.664919,0.000000)(0,0,255)
(8.037402,-12.664919,0.000000)(9.561360,-11.557699,0.000000)(0,0,255)
(9.561360,-11.557699,0.000000)(10.934529,-10.268207,0.000000)(0,0,255)
(10.934529,-10.268207,0.000000)(12.135255,-8.816779,0.000000)(0,0,255)
(12.135255,-8.816779,0.000000)(13.144600,-7.226305,0.000000)(0,0,255)
(13.144600,-7.226305,0.000000)(13.946647,-5.521868,0.000000)(0,0,255)
(13.946647,-5.521868,0.000000)(14.528747,-3.730348,0.000000)(0,0,255)
(14.528747,-3.730348,0.000000)(14.881721,-1.879999,0.000000)(0,0,255)
(14.881721,-1.879999,0.000000)(15.000000,0.000000,0.000000)(0,0,255)
