points: std::vector<Circle,std::allocator<Circle>>_circles0.center
(0.000000,0.000000,0.000000)
lines: std::vector<Circle,std::allocator<Circle>>_circles0.lines
(5.000000,0.000000,0.000000)(4.960574,0.626666,0.000000)(255,0,0)
(4.960574,0.626666,0.000000)(4.842916,1.243449,0.000000)(255,0,0)
(4.842916,1.243449,0.000000)(4.648882,1.840623,0.000000)(255,0,0)
(4.648882,1.840623,0.000000)(4.381533,2.408768,0.000000)(255,0,0)
(4.381533,2.408768,0.000000)(4.045085,2.938926,0.000000)(255,0,0)
(4.045085,2.938926,0.000000)(3.644843,3.422736,0.000000)(255,0,0)
(3.644843,3.422736,0.000000)(3.187120,3.852566,0.000000)(255,0,0)
(3.187120,3.852566,0.000000)(2.679134,4.221640,0.000000)(255,0,0)
(2.679134,4.221640,0.000000)(2.128896,4.524135,0.000000)(255,0,0)
(2.128896,4.524135,0.000000)(1.545085,4.755283,0.000000)(255,0,0)
(1.545085,4.755283,0.000000)(0.936907,4.911436,0.000000)(255,0,0)
(0.936907,4.911436,0.000000)(0.313953,4.990134,0.000000)(255,0,0)
(0.313953,4.990134,0.000000)(-0.313953,4.990134,0.000000)(255,0,0)
(-0.313953,4.990134,0.000000)(-0.936907,4.911436,0.000000)(255,0,0)
(-0.936907,4.911436,0.000000)(-1.545085,4.755283,0.000000)(255,0,0)
(-1.545085,4.755283,0.000000)(-2.128896,4.524135,0.000000)(255,0,0)
(-2.128896,4.524135,0.000000)(-2.679134,4.221640,0.000000)(255,0,0)
(-2.679134,4.221640,0.000000)(-3.187120,3.852566,0.000000)(255,0,0)
(-3.187120,3.852566,0.000000)(-3.644843,3.422736,0.000000)(255,0,0)
(-3.644843,3.422736,0.000000)(-4.045085,2.938926,0.000000)(255,0,0)
(-4.045085,2.938926,0.000000)(-4.381533,2.408768,0.000000)(255,0,0)
(-4.381533,2.408768,0.000000)(-4.648882,1.840623,0.000000)(255,0,0)
(-4.648882,1.840623,0.000000)(-4.842916,1.243449,0.000000)(255,0,0)
(-4.842916,1.243449,0.000000)(-4.960574,0.626666,0.000000)(255,0,0)
(-4.960574,0.626666,0.000000)(-5.000000,0.000000,0.000000)(255,0,0)
(-5.000000,0.000000,0.000000)(-4.960574,-0.626666,0.000000)(255,0,0)
(-4.960574,-0.626666,0.000000)(-4.842916,-1.243449,0.000000)(255,0,0)
(-4.842916,-1.243449,0.000000)(-4.648882,-1.840623,0.000000)(255,0,0)
(-4.648882,-1.840623,0.000000)(-4.381533,-2.408768,0.000000)(255,0,0)
(-4.381533,-2.408768,0.000000)(-4.045085,-2.938926,0.000000)(255,0,0)
(-4.045085,-2.938926,0.000000)(-3.644843,-3.422736,0.000000)(255,0,0)
(-3.644843,-3.422736,0.000000)(-3.187120,-3.852566,0.000000)(255,0,0)
(-3.187120,-3.852566,0.000000)(-2.679134,-4.221640,0.000000)(255,0,0)
(-2.679134,-4.221640,0.000000)(-2.128896,-4.524135,0.000000)(255,0,0)
(-2.128896,-4.524135,0.000000)(-1.545085,-4.755283,0.000000)(255,0,0)
(-1.545085,-4.755283,0.000000)(-0.936907,-4.911436,0.000000)(255,0,0)
(-0.936907,-4.911436,0.000000)(-0.313953,-4.990134,0.000000)(255,0,0)
(-0.313953,-4.990134,0.000000)(0.313953,-4.990134,0.000000)(255,0,0)
(0.313953,-4.990134,0.000000)(0.936907,-4.911436,0.000000)(255,0,0)
(0.936907,-4.911436,0.000000)(1.545085,-4.755283,0.000000)(255,0,0)
(1.545085,-4.755283,0.000000)(2.128896,-4.524135,0.000000)(255,0,0)
(2.128896,-4.524135,0.000000)(2.679134,-4.221640,0.000000)(255,0,0)
(2.679134,-4.221640,0.000000)(3.187120,-3.852566,0.000000)(255,0,0)
(3.187120,-3.852566,0.000000)(3.644843,-3.422736,0.000000)(255,0,0)
(3.644843,-3.422736,0.000000)(4.045085,-2.938926,0.000000)(255,0,0)
(4.045085,-2.938926,0.000000)(4.381533,-2.408768,0.000000)(255,0,0)
(4.381533,-2.408768,0.000000)(4.648882,-1.840623,0.000000)(255,0,0)
(4.648882,-1.840623,0.000000)(4.842916,-1.243449,0.000000)(255,0,0)
(4.842916,-1.243449,0.000000)(4.960574,-0.626666,0.000000)(255,0,0)
(4.960574,-0.626666,0.000000)(5.000000,0.000000,0.000000)(255,0,0)
points: std::vector<Circle,std::allocator<Circle>>_circles1.center
(0.000000,0.000000,0.000000)
lines: std::vector<Circle,std::allocator<Circle>>_circles1.lines
(10.000000,0.000000,0.000000)(9.921147,1.253332,0.000000)(255,0,0)
(9.921147,1.253332,0.000000)(9.685832,2.486899,0.000000)(255,0,0)
(9.685832,2.486899,0.000000)(9.297765,3.681246,0.000000)(255,0,0)
(9.297765,3.681246,0.000000)(8.763067,4.817537,0.000000)(255,0,0)
(8.763067,4.817537,0.000000)(8.090170,5.877853,0.000000)(255,0,0)
(8.090170,5.877853,0.000000)(7.289686,6.845471,0.000000)(255,0,0)
(7.289686,6.845471,0.000000)(6.374240,7.705132,0.000000)(255,0,0)
(6.374240,7.705132,0.000000)(5.358268,8.443279,0.000000)(255,0,0)
(5.358268,8.443279,0.000000)(4.257793,9.048271,0.000000)(255,0,0)
(4.257793,9.048271,0.000000)(3.090170,9.510565,0.000000)(255,0,0)
(3.090170,9.510565,0.000000)(1.873813,9.822873,0.000000)(255,0,0)
(1.873813,9.822873,0.000000)(0.627905,9.980267,0.000000)(255,0,0)
(0.627905,9.980267,0.000000)(-0.627905,9.980267,0.000000)(255,0,0)
(-0.627905,9.980267,0.000000)(-1.873813,9.822873,0.000000)(255,0,0)
(-1.873813,9.822873,0.000000)(-3.090170,9.510565,0.000000)(255,0,0)
(-3.090170,9.510565,0.000000)(-4.257793,9.048271,0.000000)(255,0,0)
(-4.257793,9.048271,0.000000)(-5.358268,8.443279,0.000000)(255,0,0)
(-5.358268,8.443279,0.000000)(-6.374240,7.705132,0.000000)(255,0,0)
(-6.374240,7.705132,0.000000)(-7.289686,6.845471,0.000000)(255,0,0)
(-7.289686,6.845471,0.000000)(-8.090170,5.877853,0.000000)(255,0,0)
(-8.090170,5.877853,0.000000)(-8.763067,4.817537,0.000000)(255,0,0)
(-8.763067,4.817537,0.000000)(-9.297765,3.681246,0.000000)(255,0,0)
(-9.297765,3.681246,0.000000)(-9.685832,2.486899,0.000000)(255,0,0)
(-9.685832,2.486899,0.000000)(-9.921147,1.253332,0.000000)(255,0,0)
(-9.921147,1.253332,0.000000)(-10.000000,0.000000,0.000000)(255,0,0)
(-10.000000,0.000000,0.000000)(-9.921147,-1.253332,0.000000)(255,0,0)
(-9.921147,-1.253332,0.000000)(-9.685832,-2.486899,0.000000)(255,0,0)
(-9.685832,-2.486899,0.000000)(-9.297765,-3.681246,0.000000)(255,0,0)
(-9.297765,-3.681246,0.000000)(-8.763067,-4.817537,0.000000)(255,0,0)
(-8.763067,-4.817537,0.000000)(-8.090170,-5.877853,0.000000)(255,0,0)
(-8.090170,-5.877853,0.000000)(-7.289686,-6.845471,0.000000)(255,0,0)
(-7.289686,-6.845471,0.000000)(-6.374240,-7.705132,0.000000)(255,0,0)
(-6.374240,-7.705132,0.000000)(-5.358268,-8.443279,0.000000)(255,0,0)
(-5.358268,-8.443279,0.000000)(-4.257793,-9.048271,0.000000)(255,0,0)
(-4.257793,-9.048271,0.000000)(-3.090170,-9.510565,0.000000)(255,0,0)
(-3.090170,-9.510565,0.000000)(-1.873813,-9.822873,0.000000)(255,0,0)
(-1.873813,-9.822873,0.000000)(-0.627905,-9.980267,0.000000)(255,0,0)
(-0.627905,-9.980267,0.000000)(0.627905,-9.980267,0.000000)(255,0,0)
(0.627905,-9.980267,0.000000)(1.873813,-9.822873,0.000000)(255,0,0)
(1.873813,-9.822873,0.000000)(3.090170,-9.510565,0.000000)(255,0,0)
(3.090170,-9.510565,0.000000)(4.257793,-9.048271,0.000000)(255,0,0)
(4.257793,-9.048271,0.000000)(5.358268,-8.443279,0.000000)(255,0,0)
(5.358268,-8.443279,0.000000)(6.374240,-7.705132,0.000000)(255,0,0)
(6.374240,-7.705132,0.000000)(7.289686,-6.845471,0.000000)(255,0,0)
(7.289686,-6.845471,0.000000)(8.090170,-5.877853,0.000000)(255,0,0)
(8.090170,-5.877853,0.000000)(8.763067,-4.817537,0.000000)(255,0,0)
(8.763067,-4.817537,0.000000)(9.297765,-3.681246,0.000000)(255,0,0)
(9.297765,-3.681246,0.000000)(9.685832,-2.486899,0.000000)(255,0,0)
(9.685832,-2.486899,0.000000)(9.921147,-1.253332,0.000000)(255,0,0)
(9.921147,-1.253332,0.000000)(10.000000,0.000000,0.000000)(255,0,0)
points: std::vector<Circle,std::allocator<Circle>>_circles2.center
(0.000000,0.000000,0.000000)
lines: std::vector<Circle,std::allocator<Circle>>_circles2.lines
(15.000000,0.000000,0.000000)(14.881721,1.879999,0.000000)(255,0,0)
(14.881721,1.879999,0.000000)(14.528747,3.730348,0.000000)(255,0,0)
(14.528747,3.730348,0.000000)(13.946647,5.521868,0.000000)(255,0,0)
(13.946647,5.521868,0.000000)(13.144600,7.226305,0.000000)(255,0,0)
(13.144600,7.226305,0.000000)(12.135255,8.816779,0.000000)(255,0,0)
(12.135255,8.816779,0.000000)(10.934529,10.268207,0.000000)(255,0,0)
(10.934529,10.268207,0.000000)(9.561360,11.557699,0.000000)(255,0,0)
(9.561360,11.557699,0.000000)(8.037402,12.664919,0.000000)(255,0,0)
(8.037402,12.664919,0.000000)(6.386689,13.572406,0.000000)(255,0,0)
(6.386689,13.572406,0.000000)(4.635255,14.265848,0.000000)(255,0,0)
(4.635255,14.265848,0.000000)(2.810720,14.734309,0.000000)(255,0,0)
(2.810720,14.734309,0.000000)(0.941858,14.970401,0.000000)(255,0,0)
(0.941858,14.970401,0.000000)(-0.941858,14.970401,0.000000)(255,0,0)
(-0.941858,14.970401,0.000000)(-2.810720,14.734309,0.000000)(255,0,0)
(-2.810720,14.734309,0.000000)(-4.635255,14.265848,0.000000)(255,0,0)
(-4.635255,14.265848,0.000000)(-6.386689,13.572406,0.000000)(255,0,0)
(-6.386689,13.572406,0.000000)(-8.037402,12.664919,0.000000)(255,0,0)
(-8.037402,12.664919,0.000000)(-9.561360,11.557699,0.000000)(255,0,0)
(-9.561360,11.557699,0.000000)(-10.934529,10.268207,0.000000)(255,0,0)
(-10.934529,10.268207,0.000000)(-12.135255,8.816779,0.000000)(255,0,0)
(-12.135255,8.816779,0.000000)(-13.144600,7.226305,0.000000)(255,0,0)
(-13.144600,7.226305,0.000000)(-13.946647,5.521868,0.000000)(255,0,0)
(-13.946647,5.521868,0.000000)(-14.528747,3.730348,0.000000)(255,0,0)
(-14.528747,3.730348,0.000000)(-14.881721,1.879999,0.000000)(255,0,0)
(-14.881721,1.879999,0.000000)(-15.000000,0.000000,0.000000)(255,0,0)
(-15.000000,0.000000,0.000000)(-14.881721,-1.879999,0.000000)(255,0,0)
(-14.881721,-1.879999,0.000000)(-14.528747,-3.730348,0.000000)(255,0,0)
(-14.528747,-3.730348,0.000000)(-13.946647,-5.521868,0.000000)(255,0,0)
(-13.946647,-5.521868,0.000000)(-13.144600,-7.226305,0.000000)(255,0,0)
(-13.144600,-7.226305,0.000000)(-12.135255,-8.816779,0.000000)(255,0,0)
(-12.135255,-8.816779,0.000000)(-10.934529,-10.268207,0.000000)(255,0,0)
(-10.934529,-10.268207,0.000000)(-9.561360,-11.557699,0.000000)(255,0,0)
(-9.561360,-11.557699,0.000000)(-8.037402,-12.664919,0.000000)(255,0,0)
(-8.037402,-12.664919,0.000000)(-6.386689,-13.572406,0.000000)(255,0,0)
(-6.386689,-13.572406,0.000000)(-4.635255,-14.265848,0.000000)(255,0,0)
(-4.635255,-14.265848,0.000000)(-2.810720,-14.734309,0.000000)(255,0,0)
(-2.810720,-14.734309,0.000000)(-0.941858,-14.970401,0.000000)(255,0,0)
(-0.941858,-14.970401,0.000000)(0.941858,-14.970401,0.000000)(255,0,0)
(0.941858,-14.970401,0.000000)(2.810720,-14.734309,0.000000)(255,0,0)
(2.810720,-14.734309,0.000000)(4.635255,-14.265848,0.000000)(255,0,0)
(4.635255,-14.265848,0.000000)(6.386689,-13.572406,0.000000)(255,0,0)
(6.386689,-13.572406,0.000000)(8.037402,-12.664919,0.000000)(255,0,0)
(8.037402,-12.664919,0.000000)(9.561360,-11.557699,0.000000)(255,0,0)
(9.561360,-11.557699,0.000000)(10.934529,-10.268207,0.000000)(255,0,0)
(10.934529,-10.268207,0.000000)(12.135255,-8.816779,0.000000)(255,0,0)
(12.135255,-8.816779,0.000000)(13.144600,-7.226305,0.000000)(255,0,0)
(13.144600,-7.226305,0.000000)(13.946647,-5.521868,0.000000)(255,0,0)
(13.946647,-5.521868,0.000000)(14.528747,-3.730348,0.000000)(255,0,0)
(14.528747,-3.730348,0.000000)(14.881721,-1.879999,0.000000)(255,0,0)
(14.881721,-1.879999,0.000000)(15.000000,0.000000,0.000000)(255,0,0)
