points: Circle_circle3.center
(0.000000,0.000000,0.000000)
lines: Circle_circle3.lines
(31.500000,0.000000,0.000000)(31.251613,3.947997,0.000000)(255,0,255)
(31.251613,3.947997,0.000000)(30.510370,7.833731,0.000000)(255,0,255)
(30.510370,7.833731,0.000000)(29.287959,11.595923,0.000000)(255,0,255)
(29.287959,11.595923,0.000000)(27.603660,15.175241,0.000000)(255,0,255)
(27.603660,15.175241,0.000000)(25.484035,18.515235,0.000000)(255,0,255)
(25.484035,18.515235,0.000000)(22.962512,21.563234,0.000000)(255,0,255)
(22.962512,21.563234,0.000000)(20.078856,24.271167,0.000000)(255,0,255)
(20.078856,24.271167,0.000000)(16.878544,26.596330,0.000000)(255,0,255)
(16.878544,26.596330,0.000000)(13.412048,28.502052,0.000000)(255,0,255)
(13.412048,28.502052,0.000000)(9.734035,29.958280,0.000000)(255,0,255)
(9.734035,29.958280,0.000000)(5.902511,30.942048,0.000000)(255,0,255)
(5.902511,30.942048,0.000000)(1.977901,31.437842,0.000000)(255,0,255)
(1.977901,31.437842,0.000000)(-1.977901,31.437842,0.000000)(255,0,255)
(-1.977901,31.437842,0.000000)(-5.902511,30.942048,0.000000)(255,0,255)
(-5.902511,30.942048,0.000000)(-9.734035,29.958280,0.000000)(255,0,255)
(-9.734035,29.958280,0.000000)(-13.412048,28.502052,0.000000)(255,0,255)
(-13.412048,28.502052,0.000000)(-16.878544,26.596330,0.000000)(255,0,255)
(-16.878544,26.596330,0.000000)(-20.078856,24.271167,0.000000)(255,0,255)
(-20.078856,24.271167,0.000000)(-22.962512,21.563234,0.000000)(255,0,255)
(-22.962512,21.563234,0.000000)(-25.484035,18.515235,0.000000)(255,0,255)
(-25.484035,18.515235,0.000000)(-27.603660,15.175241,0.000000)(255,0,255)
(-27.603660,15.175241,0.000000)(-29.287959,11.595923,0.000000)(255,0,255)
(-29.287959,11.595923,0.000000)(-30.510370,7.833731,0.000000)(255,0,255)
(-30.510370,7.833731,0.000000)(-31.251613,3.947997,0.000000)(255,0,255)
(-31.251613,3.947997,0.000000)(-31.500000,0.000000,0.000000)(255,0,255)
(-31.500000,0.000000,0.000000)(-31.251613,-3.947997,0.000000)(255,0,255)
(-31.251613,-3.947997,0.000000)(-30.510370,-7.833731,0.000000)(255,0,255)
(-30.510370,-7.833731,0.000000)(-29.287959,-11.595923,0.000000)(255,0,255)
(-29.287959,-11.595923,0.000000)(-27.603660,-15.175241,0.000000)(255,0,255)
(-27.603660,-15.175241,0.000000)(-25.484035,-18.515235,0.000000)(255,0,255)
(-25.484035,-18.515235,0.000000)(-22.962512,-21.563234,0.000000)(255,0,255)
(-22.962512,-21.563234,0.000000)(-20.078856,-24.271167,0.000000)(255,0,255)
(-20.078856,-24.271167,0.000000)(-16.878544,-26.596330,0.000000)(255,0,255)
(-16.878544,-26.596330,0.000000)(-13.412048,-28.502052,0.000000)(255,0,255)
(-13.412048,-28.502052,0.000000)(-9.734035,-29.958280,0.000000)(255,0,255)
(-9.734035,-29.958280,0.000000)(-5.902511,-30.942048,0.000000)(255,0,255)
(-5.902511,-30.942048,0.000000)(-1.977901,-31.437842,0.000000)(255,0,255)
(-1.977901,-31.437842,0.000000)(1.977901,-31.437842,0.000000)(255,0,255)
(1.977901,-31.437842,0.000000)(5.902511,-30.942048,0.000000)(255,0,255)
(5.902511,-30.942048,0.000000)(9.734035,-29.958280,0.000000)(255,0,255)
(9.734035,-29.958280,0.000000)(13.412048,-28.502052,0.000000)(255,0,255)
(13.412048,-28.502052,0.000000)(16.878544,-26.596330,0.000000)(255,0,255)
(16.878544,-26.596330,0.000000)(20.078856,-24.271167,0.000000)(255,0,255)
(20.078856,-24.271167,0.000000)(22.962512,-21.563234,0.000000)(255,0,255)
(22.962512,-21.563234,0.000000)(25.484035,-18.515235,0.000000)(255,0,255)
(25.484035,-18.515235,0.000000)(27.603660,-15.175241,0.000000)(255,0,255)
(27.603660,-15.175241,0.000000)(29.287959,-11.595923,0.000000)(255,0,255)
(29.287959,-11.595923,0.000000)(30.510370,-7.833731,0.000000)(255,0,255)
(30.510370,-7.833731,0.000000)(31.251613,-3.947997,0.000000)(255,0,255)
(31.251613,-3.947997,0.000000)(31.500000,0.000000,0.000000)(255,0,255)
