points: Circle_circles[1].center
(0.000000,0.000000,0.000000)
lines: Circle_circles[1].lines
(10.000000,0.000000,0.000000)(9.921147,1.253332,0.000000)(0,255,255)
(9.921147,1.253332,0.000000)(9.685832,2.486899,0.000000)(0,255,255)
(9.685832,2.486899,0.000000)(9.297765,3.681246,0.000000)(0,255,255)
(9.297765,3.681246,0.000000)(8.763067,4.817537,0.000000)(0,255,255)
(8.763067,4.817537,0.000000)(8.090170,5.877853,0.000000)(0,255,255)
(8.090170,5.877853,0.000000)(7.289686,6.845471,0.000000)(0,255,255)
(7.289686,6.845471,0.000000)(6.374240,7.705132,0.000000)(0,255,255)
(6.374240,7.705132,0.000000)(5.358268,8.443279,0.000000)(0,255,255)
(5.358268,8.443279,0.000000)(4.257793,9.048271,0.000000)(0,255,255)
(4.257793,9.048271,0.000000)(3.090170,9.510565,0.000000)(0,255,255)
(3.090170,9.510565,0.000000)(1.873813,9.822873,0.000000)(0,255,255)
(1.873813,9.822873,0.000000)(0.627905,9.980267,0.000000)(0,255,255)
(0.627905,9.980267,0.000000)(-0.627905,9.980267,0.000000)(0,255,255)
(-0.627905,9.980267,0.000000)(-1.873813,9.822873,0.000000)(0,255,255)
(-1.873813,9.822873,0.000000)(-3.090170,9.510565,0.000000)(0,255,255)
(-3.090170,9.510565,0.000000)(-4.257793,9.048271,0.000000)(0,255,255)
(-4.257793,9.048271,0.000000)(-5.358268,8.443279,0.000000)(0,255,255)
(-5.358268,8.443279,0.000000)(-6.374240,7.705132,0.000000)(0,255,255)
(-6.374240,7.705132,0.000000)(-7.289686,6.845471,0.000000)(0,255,255)
(-7.289686,6.845471,0.000000)(-8.090170,5.877853,0.000000)(0,255,255)
(-8.090170,5.877853,0.000000)(-8.763067,4.817537,0.000000)(0,255,255)
(-8.763067,4.817537,0.000000)(-9.297765,3.681246,0.000000)(0,255,255)
(-9.297765,3.681246,0.000000)(-9.685832,2.486899,0.000000)(0,255,255)
(-9.685832,2.486899,0.000000)(-9.921147,1.253332,0.000000)(0,255,255)
(-9.921147,1.253332,0.000000)(-10.000000,0.000000,0.000000)(0,255,255)
(-10.000000,0.000000,0.000000)(-9.921147,-1.253332,0.000000)(0,255,255)
(-9.921147,-1.253332,0.000000)(-9.685832,-2.486899,0.000000)(0,255,255)
(-9.685832,-2.486899,0.000000)(-9.297765,-3.681246,0.000000)(0,255,255)
(-9.297765,-3.681246,0.000000)(-8.763067,-4.817537,0.000000)(0,255,255)
(-8.763067,-4.817537,0.000000)(-8.090170,-5.877853,0.000000)(0,255,255)
(-8.090170,-5.877853,0.000000)(-7.289686,-6.845471,0.000000)(0,255,255)
(-7.289686,-6.845471,0.000000)(-6.374240,-7.705132,0.000000)(0,255,255)
(-6.374240,-7.705132,0.000000)(-5.358268,-8.443279,0.000000)(0,255,255)
(-5.358268,-8.443279,0.000000)(-4.257793,-9.048271,0.000000)(0,255,255)
(-4.257793,-9.048271,0.000000)(-3.090170,-9.510565,0.000000)(0,255,255)
(-3.090170,-9.510565,0.000000)(-1.873813,-9.822873,0.000000)(0,255,255)
(-1.873813,-9.822873,0.000000)(-0.627905,-9.980267,0.000000)(0,255,255)
(-0.627905,-9.980267,0.000000)(0.627905,-9.980267,0.000000)(0,255,255)
(0.627905,-9.980267,0.000000)(1.873813,-9.822873,0.000000)(0,255,255)
(1.873813,-9.822873,0.000000)(3.090170,-9.510565,0.000000)(0,255,255)
(3.090170,-9.510565,0.000000)(4.257793,-9.048271,0.000000)(0,255,255)
(4.257793,-9.048271,0.000000)(5.358268,-8.443279,0.000000)(0,255,255)
(5.358268,-8.443279,0.000000)(6.374240,-7.705132,0.000000)(0,255,255)
(6.374240,-7.705132,0.000000)(7.289686,-6.845471,0.000000)(0,255,255)
(7.289686,-6.845471,0.000000)(8.090170,-5.877853,0.000000)(0,255,255)
(8.090170,-5.877853,0.000000)(8.763067,-4.817537,0.000000)(0,255,255)
(8.763067,-4.817537,0.000000)(9.297765,-3.681246,0.000000)(0,255,255)
(9.297765,-3.681246,0.000000)(9.685832,-2.486899,0.000000)(0,255,255)
(9.685832,-2.486899,0.000000)(9.921147,-1.253332,0.000000)(0,255,255)
(9.921147,-1.253332,0.000000)(10.000000,0.000000,0.000000)(0,255,255)
