points: Circle_circle.center
(0.000000,0.000000,0.000000)
lines: Circle_circle.lines
(57.000000,0.000000,0.000000)(56.550538,7.143994,0.000000)(255,255,0)
(56.550538,7.143994,0.000000)(55.209240,14.175324,0.000000)(255,255,0)
(55.209240,14.175324,0.000000)(52.997260,20.983100,0.000000)(255,255,0)
(52.997260,20.983100,0.000000)(49.949481,27.459959,0.000000)(255,255,0)
(49.949481,27.459959,0.000000)(46.113969,33.503759,0.000000)(255,255,0)
(46.113969,33.503759,0.000000)(41.551212,39.019185,0.000000)(255,255,0)
(41.551212,39.019185,0.000000)(36.333167,43.919255,0.000000)(255,255,0)
(36.333167,43.919255,0.000000)(30.542127,48.126692,0.000000)(255,255,0)
(30.542127,48.126692,0.000000)(24.269420,51.575142,0.000000)(255,255,0)
(24.269420,51.575142,0.000000)(17.613969,54.210221,0.000000)(255,255,0)
(17.613969,54.210221,0.000000)(10.680735,55.990373,0.000000)(255,255,0)
(10.680735,55.990373,0.000000)(3.579060,56.887524,0.000000)(255,255,0)
(3.579060,56.887524,0.000000)(-3.579060,56.887524,0.000000)(255,255,0)
(-3.579060,56.887524,0.000000)(-10.680735,55.990373,0.000000)(255,255,0)
(-10.680735,55.990373,0.000000)(-17.613969,54.210221,0.000000)(255,255,0)
(-17.613969,54.210221,0.000000)(-24.269420,51.575142,0.000000)(255,255,0)
(-24.269420,51.575142,0.000000)(-30.542127,48.126692,0.000000)(255,255,0)
(-30.542127,48.126692,0.000000)(-36.333167,43.919255,0.000000)(255,255,0)
(-36.333167,43.919255,0.000000)(-41.551212,39.019185,0.000000)(255,255,0)
(-41.551212,39.019185,0.000000)(-46.113969,33.503759,0.000000)(255,255,0)
(-46.113969,33.503759,0.000000)(-49.949481,27.459959,0.000000)(255,255,0)
(-49.949481,27.459959,0.000000)(-52.997260,20.983100,0.000000)(255,255,0)
(-52.997260,20.983100,0.000000)(-55.209240,14.175324,0.000000)(255,255,0)
(-55.209240,14.175324,0.000000)(-56.550538,7.143994,0.000000)(255,255,0)
(-56.550538,7.143994,0.000000)(-57.000000,0.000000,0.000000)(255,255,0)
(-57.000000,0.000000,0.000000)(-56.550538,-7.143994,0.000000)(255,255,0)
(-56.550538,-7.143994,0.000000)(-55.209240,-14.175324,0.000000)(255,255,0)
(-55.209240,-14.175324,0.000000)(-52.997260,-20.983100,0.000000)(255,255,0)
(-52.997260,-20.983100,0.000000)(-49.949481,-27.459959,0.000000)(255,255,0)
(-49.949481,-27.459959,0.000000)(-46.113969,-33.503759,0.000000)(255,255,0)
(-46.113969,-33.503759,0.000000)(-41.551212,-39.019185,0.000000)(255,255,0)
(-41.551212,-39.019185,0.000000)(-36.333167,-43.919255,0.000000)(255,255,0)
(-36.333167,-43.919255,0.000000)(-30.542127,-48.126692,0.000000)(255,255,0)
(-30.542127,-48.126692,0.000000)(-24.269420,-51.575142,0.000000)(255,255,0)
(-24.269420,-51.575142,0.000000)(-17.613969,-54.210221,0.000000)(255,255,0)
(-17.613969,-54.210221,0.000000)(-10.680735,-55.990373,0.000000)(255,255,0)
(-10.680735,-55.990373,0.000000)(-3.579060,-56.887524,0.000000)(255,255,0)
(-3.579060,-56.887524,0.000000)(3.579060,-56.887524,0.000000)(255,255,0)
(3.579060,-56.887524,0.000000)(10.680735,-55.990373,0.000000)(255,255,0)
(10.680735,-55.990373,0.000000)(17.613969,-54.210221,0.000000)(255,255,0)
(17.613969,-54.210221,0.000000)(24.269420,-51.575142,0.000000)(255,255,0)
(24.269420,-51.575142,0.000000)(30.542127,-48.126692,0.000000)(255,255,0)
(30.542127,-48.126692,0.000000)(36.333167,-43.919255,0.000000)(255,255,0)
(36.333167,-43.919255,0.000000)(41.551212,-39.019185,0.000000)(255,255,0)
(41.551212,-39.019185,0.000000)(46.113969,-33.503759,0.000000)(255,255,0)
(46.113969,-33.503759,0.000000)(49.949481,-27.459959,0.000000)(255,255,0)
(49.949481,-27.459959,0.000000)(52.997260,-20.983100,0.000000)(255,255,0)
(52.997260,-20.983100,0.000000)(55.209240,-14.175324,0.000000)(255,255,0)
(55.209240,-14.175324,0.000000)(56.550538,-7.143994,0.000000)(255,255,0)
(56.550538,-7.143994,0.000000)(57.000000,0.000000,0.000000)(255,255,0)
