points: Circle_circle2.center
(0.000000,0.000000,0.000000)
lines: Circle_circle2.lines
(-30.000000,0.000000,0.000000)(-29.763441,-3.759997,0.000000)(255,0,255)
(-29.763441,-3.759997,0.000000)(-29.057495,-7.460697,0.000000)(255,0,255)
(-29.057495,-7.460697,0.000000)(-27.893295,-11.043737,0.000000)(255,0,255)
(-27.893295,-11.043737,0.000000)(-26.289200,-14.452610,0.000000)(255,0,255)
(-26.289200,-14.452610,0.000000)(-24.270510,-17.633558,0.000000)(255,0,255)
(-24.270510,-17.633558,0.000000)(-21.869059,-20.536413,0.000000)(255,0,255)
(-21.869059,-20.536413,0.000000)(-19.122720,-23.115397,0.000000)(255,0,255)
(-19.122720,-23.115397,0.000000)(-16.074804,-25.329838,0.000000)(255,0,255)
(-16.074804,-25.329838,0.000000)(-12.773379,-27.144812,0.000000)(255,0,255)
(-12.773379,-27.144812,0.000000)(-9.270510,-28.531695,0.000000)(255,0,255)
(-9.270510,-28.531695,0.000000)(-5.621439,-29.468618,0.000000)(255,0,255)
(-5.621439,-29.468618,0.000000)(-1.883716,-29.940802,0.000000)(255,0,255)
(-1.883716,-29.940802,0.000000)(1.883716,-29.940802,0.000000)(255,0,255)
(1.883716,-29.940802,0.000000)(5.621439,-29.468618,0.000000)(255,0,255)
(5.621439,-29.468618,0.000000)(9.270510,-28.531695,0.000000)(255,0,255)
(9.270510,-28.531695,0.000000)(12.773379,-27.144812,0.000000)(255,0,255)
(12.773379,-27.144812,0.000000)(16.074804,-25.329838,0.000000)(255,0,255)
(16.074804,-25.329838,0.000000)(19.122720,-23.115397,0.000000)(255,0,255)
(19.122720,-23.115397,0.000000)(21.869059,-20.536413,0.000000)(255,0,255)
(21.869059,-20.536413,0.000000)(24.270510,-17.633558,0.000000)(255,0,255)
(24.270510,-17.633558,0.000000)(26.289200,-14.452610,0.000000)(255,0,255)
(26.289200,-14.452610,0.000000)(27.893295,-11.043737,0.000000)(255,0,255)
(27.893295,-11.043737,0.000000)(29.057495,-7.460697,0.000000)(255,0,255)
(29.057495,-7.460697,0.000000)(29.763441,-3.759997,0.000000)(255,0,255)
(29.763441,-3.759997,0.000000)(30.000000,-0.000000,0.000000)(255,0,255)
(30.000000,-0.000000,0.000000)(29.763441,3.759997,0.000000)(255,0,255)
(29.763441,3.759997,0.000000)(29.057495,7.460697,0.000000)(255,0,255)
(29.057495,7.460697,0.000000)(27.893295,11.043737,0.000000)(255,0,255)
(27.893295,11.043737,0.000000)(26.289200,14.452610,0.000000)(255,0,255)
(26.289200,14.452610,0.000000)(24.270510,17.633558,0.000000)(255,0,255)
(24.270510,17.633558,0.000000)(21.869059,20.536413,0.000000)(255,0,255)
(21.869059,20.536413,0.000000)(19.122720,23.115397,0.000000)(255,0,255)
(19.122720,23.115397,0.000000)(16.074804,25.329838,0.000000)(255,0,255)
(16.074804,25.329838,0.000000)(12.773379,27.144812,0.000000)(255,0,255)
(12.773379,27.144812,0.000000)(9.270510,28.531695,0.000000)(255,0,255)
(9.270510,28.531695,0.000000)(5.621439,29.468618,0.000000)(255,0,255)
(5.621439,29.468618,0.000000)(1.883716,29.940802,0.000000)(255,0,255)
(1.883716,29.940802,0.000000)(-1.883716,29.940802,0.000000)(255,0,255)
(-1.883716,29.940802,0.000000)(-5.621439,29.468618,0.000000)(255,0,255)
(-5.621439,29.468618,0.000000)(-9.270510,28.531695,0.000000)(255,0,255)
(-9.270510,28.531695,0.000000)(-12.773379,27.144812,0.000000)(255,0,255)
(-12.773379,27.144812,0.000000)(-16.074804,25.329838,0.000000)(255,0,255)
(-16.074804,25.329838,0.000000)(-19.122720,23.115397,0.000000)(255,0,255)
(-19.122720,23.115397,0.000000)(-21.869059,20.536413,0.000000)(255,0,255)
(-21.869059,20.536413,0.000000)(-24.270510,17.633558,0.000000)(255,0,255)
(-24.270510,17.633558,0.000000)(-26.289200,14.452610,0.000000)(255,0,255)
(-26.289200,14.452610,0.000000)(-27.893295,11.043737,0.000000)(255,0,255)
(-27.893295,11.043737,0.000000)(-29.057495,7.460697,0.000000)(255,0,255)
(-29.057495,7.460697,0.000000)(-29.763441,3.759997,0.000000)(255,0,255)
(-29.763441,3.759997,0.000000)(-30.000000,0.000000,0.000000)(255,0,255)
