points: Circle_circle.center
(0.000000,0.000000,0.000000)
lines: Circle_circle.lines
(5.000000,0.000000,0.000000)(4.960574,0.626666,0.000000)(255,0,0)
(4.960574,0.626666,0.000000)(4.842916,1.243449,0.000000)(255,0,0)
(4.842916,1.243449,0.000000)(4.648882,1.840623,0.000000)(255,0,0)
(4.648882,1.840623,0.000000)(4.381533,2.408768,0.000000)(255,0,0)
(4.381533,2.408768,0.000000)(4.045085,2.938926,0.000000)(255,0,0)
(4.045085,2.938926,0.000000)(3.644843,3.422736,0.000000)(255,0,0)
(3.644843,3.422736,0.000000)(3.187120,3.852566,0.000000)(255,0,0)
(3.187120,3.852566,0.000000)(2.679134,4.221640,0.000000)(255,0,0)
(2.679134,4.221640,0.000000)(2.128896,4.524135,0.000000)(255,0,0)
(2.128896,4.524135,0.000000)(1.545085,4.755283,0.000000)(255,0,0)
(1.545085,4.755283,0.000000)(0.936907,4.911436,0.000000)(255,0,0)
(0.936907,4.911436,0.000000)(0.313953,4.990134,0.000000)(255,0,0)
(0.313953,4.990134,0.000000)(-0.313953,4.990134,0.000000)(255,0,0)
(-0.313953,4.990134,0.000000)(-0.936907,4.911436,0.000000)(255,0,0)
(-0.936907,4.911436,0.000000)(-1.545085,4.755283,0.000000)(255,0,0)
(-1.545085,4.755283,0.000000)(-2.128896,4.524135,0.000000)(255,0,0)
(-2.128896,4.524135,0.000000)(-2.679134,4.221640,0.000000)(255,0,0)
(-2.679134,4.221640,0.000000)(-3.187120,3.852566,0.000000)(255,0,0)
(-3.187120,3.852566,0.000000)(-3.644843,3.422736,0.000000)(255,0,0)
(-3.644843,3.422736,0.000000)(-4.045085,2.938926,0.000000)(255,0,0)
(-4.045085,2.938926,0.000000)(-4.381533,2.408768,0.000000)(255,0,0)
(-4.381533,2.408768,0.000000)(-4.648882,1.840623,0.000000)(255,0,0)
(-4.648882,1.840623,0.000000)(-4.842916,1.243449,0.000000)(255,0,0)
(-4.842916,1.243449,0.000000)(-4.960574,0.626666,0.000000)(255,0,0)
(-4.960574,0.626666,0.000000)(-5.000000,0.000000,0.000000)(255,0,0)
(-5.000000,0.000000,0.000000)(-4.960574,-0.626666,0.000000)(255,0,0)
(-4.960574,-0.626666,0.000000)(-4.842916,-1.243449,0.000000)(255,0,0)
(-4.842916,-1.243449,0.000000)(-4.648882,-1.840623,0.000000)(255,0,0)
(-4.648882,-1.840623,0.000000)(-4.381533,-2.408768,0.000000)(255,0,0)
(-4.381533,-2.408768,0.000000)(-4.045085,-2.938926,0.000000)(255,0,0)
(-4.045085,-2.938926,0.000000)(-3.644843,-3.422736,0.000000)(255,0,0)
(-3.644843,-3.422736,0.000000)(-3.187120,-3.852566,0.000000)(255,0,0)
(-3.187120,-3.852566,0.000000)(-2.679134,-4.221640,0.000000)(255,0,0)
(-2.679134,-4.221640,0.000000)(-2.128896,-4.524135,0.000000)(255,0,0)
(-2.128896,-4.524135,0.000000)(-1.545085,-4.755283,0.000000)(255,0,0)
(-1.545085,-4.755283,0.000000)(-0.936907,-4.911436,0.000000)(255,0,0)
(-0.936907,-4.911436,0.000000)(-0.313953,-4.990134,0.000000)(255,0,0)
(-0.313953,-4.990134,0.000000)(0.313953,-4.990134,0.000000)(255,0,0)
(0.313953,-4.990134,0.000000)(0.936907,-4.911436,0.000000)(255,0,0)
(0.936907,-4.911436,0.000000)(1.545085,-4.755283,0.000000)(255,0,0)
(1.545085,-4.755283,0.000000)(2.128896,-4.524135,0.000000)(255,0,0)
(2.128896,-4.524135,0.000000)(2.679134,-4.221640,0.000000)(255,0,0)
(2.679134,-4.221640,0.000000)(3.187120,-3.852566,0.000000)(255,0,0)
(3.187120,-3.852566,0.000000)(3.644843,-3.422736,0.000000)(255,0,0)
(3.644843,-3.422736,0.000000)(4.045085,-2.938926,0.000000)(255,0,0)
(4.045085,-2.938926,0.000000)(4.381533,-2.408768,0.000000)(255,0,0)
(4.381533,-2.408768,0.000000)(4.648882,-1.840623,0.000000)(255,0,0)
(4.648882,-1.840623,0.000000)(4.842916,-1.243449,0.000000)(255,0,0)
(4.842916,-1.243449,0.000000)(4.960574,-0.626666,0.000000)(255,0,0)
(4.960574,-0.626666,0.000000)(5.000000,0.000000,0.000000)(255,0,0)
