points: Circle_circle3.center
(0.000000,0.000000,0.000000)
lines: Circle_circle3.lines
(0.000000,11.547005,-11.547005)(-1.671110,12.291509,-10.620399)(255,0,255)
(-1.671110,12.291509,-10.620399)(-3.315865,12.842168,-9.526302)(255,0,255)
(-3.315865,12.842168,-9.526302)(-4.908327,13.190298,-8.281970)(255,0,255)
(-4.908327,13.190298,-8.281970)(-6.423382,13.330409,-6.907027)(255,0,255)
(-6.423382,13.330409,-6.907027)(-7.837137,13.260292,-5.423155)(255,0,255)
(-7.837137,13.260292,-5.423155)(-9.127295,12.981052,-3.853757)(255,0,255)
(-9.127295,12.981052,-3.853757)(-10.273510,12.497093,-2.223583)(255,0,255)
(-10.273510,12.497093,-2.223583)(-11.257706,11.816048,-0.558342)(255,0,255)
(-11.257706,11.816048,-0.558342)(-12.064361,10.948656,1.115705)(255,0,255)
(-12.064361,10.948656,1.115705)(-12.680754,9.908598,2.772156)(255,0,255)
(-12.680754,9.908598,2.772156)(-13.097163,8.712275,4.384889)(255,0,255)
(-13.097163,8.712275,4.384889)(-13.307023,7.378554,5.928469)(255,0,255)
(-13.307023,7.378554,5.928469)(-13.307023,5.928469,7.378554)(255,0,255)
(-13.307023,5.928469,7.378554)(-13.097163,4.384889,8.712275)(255,0,255)
(-13.097163,4.384889,8.712275)(-12.680754,2.772156,9.908598)(255,0,255)
(-12.680754,2.772156,9.908598)(-12.064361,1.115705,10.948656)(255,0,255)
(-12.064361,1.115705,10.948656)(-11.257706,-0.558342,11.816048)(255,0,255)
(-11.257706,-0.558342,11.816048)(-10.273510,-2.223583,12.497093)(255,0,255)
(-10.273510,-2.223583,12.497093)(-9.127295,-3.853757,12.981052)(255,0,255)
(-9.127295,-3.853757,12.981052)(-7.837137,-5.423155,13.260292)(255,0,255)
(-7.837137,-5.423155,13.260292)(-6.423382,-6.907027,13.330409)(255,0,255)
(-6.423382,-6.907027,13.330409)(-4.908327,-8.281970,13.190298)(255,0,255)
(-4.908327,-8.281970,13.190298)(-3.315865,-9.526302,12.842168)(255,0,255)
(-3.315865,-9.526302,12.842168)(-1.671110,-10.620399,12.291509)(255,0,255)
(-1.671110,-10.620399,12.291509)(-0.000000,-11.547005,11.547005)(255,0,255)
(-0.000000,-11.547005,11.547005)(1.671110,-12.291509,10.620399)(255,0,255)
(1.671110,-12.291509,10.620399)(3.315865,-12.842168,9.526302)(255,0,255)
(3.315865,-12.842168,9.526302)(4.908327,-13.190298,8.281970)(255,0,255)
(4.908327,-13.190298,8.281970)(6.423382,-13.330409,6.907027)(255,0,255)
(6.423382,-13.330409,6.907027)(7.837137,-13.260292,5.423155)(255,0,255)
(7.837137,-13.260292,5.423155)(9.127295,-12.981052,3.853757)(255,0,255)
(9.127295,-12.981052,3.853757)(10.273510,-12.497093,2.223583)(255,0,255)
(10.273510,-12.497093,2.223583)(11.257706,-11.816048,0.558342)(255,0,255)
(11.257706,-11.816048,0.558342)(12.064361,-10.948656,-1.115705)(255,0,255)
(12.064361,-10.948656,-1.115705)(12.680754,-9.908598,-2.772156)(255,0,255)
(12.680754,-9.908598,-2.772156)(13.097163,-8.712275,-4.384889)(255,0,255)
(13.097163,-8.712275,-4.384889)(13.307023,-7.378554,-5.928469)(255,0,255)
(13.307023,-7.378554,-5.928469)(13.307023,-5.928469,-7.378554)(255,0,255)
(13.307023,-5.928469,-7.378554)(13.097163,-4.384889,-8.712275)(255,0,255)
(13.097163,-4.384889,-8.712275)(12.680754,-2.772156,-9.908598)(255,0,255)
(12.680754,-2.772156,-9.908598)(12.064361,-1.115705,-10.948656)(255,0,255)
(12.064361,-1.115705,-10.948656)(11.257706,0.558342,-11.816048)(255,0,255)
(11.257706,0.558342,-11.816048)(10.273510,2.223583,-12.497093)(255,0,255)
(10.273510,2.223583,-12.497093)(9.127295,3.853757,-12.981052)(255,0,255)
(9.127295,3.853757,-12.981052)(7.837137,5.423155,-13.260292)(255,0,255)
(7.837137,5.423155,-13.260292)(6.423382,6.907027,-13.330409)(255,0,255)
(6.423382,6.907027,-13.330409)(4.908327,8.281970,-13.190298)(255,0,255)
(4.908327,8.281970,-13.190298)(3.315865,9.526302,-12.842168)(255,0,255)
(3.315865,9.526302,-12.842168)(1.671110,10.620399,-12.291509)(255,0,255)
(1.671110,10.620399,-12.291509)(0.000000,11.547005,-11.547005)(255,0,255)
