points: Circle_circle.center
(0.000000,0.000000,0.000000)
lines: Circle_circle.lines
(0.000000,15.000000,0.000000)(-1.879999,14.881721,0.000000)(0,255,0)
(-1.879999,14.881721,0.000000)(-3.730348,14.528747,0.000000)(0,255,0)
(-3.730348,14.528747,0.000000)(-5.521868,13.946647,0.000000)(0,255,0)
(-5.521868,13.946647,0.000000)(-7.226305,13.144600,0.000000)(0,255,0)
(-7.226305,13.144600,0.000000)(-8.816779,12.135255,0.000000)(0,255,0)
(-8.816779,12.135255,0.000000)(-10.268207,10.934529,0.000000)(0,255,0)
(-10.268207,10.934529,0.000000)(-11.557699,9.561360,0.000000)(0,255,0)
(-11.557699,9.561360,0.000000)(-12.664919,8.037402,0.000000)(0,255,0)
(-12.664919,8.037402,0.000000)(-13.572406,6.386689,0.000000)(0,255,0)
(-13.572406,6.386689,0.000000)(-14.265848,4.635255,0.000000)(0,255,0)
(-14.265848,4.635255,0.000000)(-14.734309,2.810720,0.000000)(0,255,0)
(-14.734309,2.810720,0.000000)(-14.970401,0.941858,0.000000)(0,255,0)
(-14.970401,0.941858,0.000000)(-14.970401,-0.941858,0.000000)(0,255,0)
(-14.970401,-0.941858,0.000000)(-14.734309,-2.810720,0.000000)(0,255,0)
(-14.734309,-2.810720,0.000000)(-14.265848,-4.635255,0.000000)(0,255,0)
(-14.265848,-4.635255,0.000000)(-13.572406,-6.386689,0.000000)(0,255,0)
(-13.572406,-6.386689,0.000000)(-12.664919,-8.037402,0.000000)(0,255,0)
(-12.664919,-8.037402,0.000000)(-11.557699,-9.561360,0.000000)(0,255,0)
(-11.557699,-9.561360,0.000000)(-10.268207,-10.934529,0.000000)(0,255,0)
(-10.268207,-10.934529,0.000000)(-8.816779,-12.135255,0.000000)(0,255,0)
(-8.816779,-12.135255,0.000000)(-7.226305,-13.144600,0.000000)(0,255,0)
(-7.226305,-13.144600,0.000000)(-5.521868,-13.946647,0.000000)(0,255,0)
(-5.521868,-13.946647,0.000000)(-3.730348,-14.528747,0.000000)(0,255,0)
(-3.730348,-14.528747,0.000000)(-1.879999,-14.881721,0.000000)(0,255,0)
(-1.879999,-14.881721,0.000000)(-0.000000,-15.000000,0.000000)(0,255,0)
(-0.000000,-15.000000,0.000000)(1.879999,-14.881721,0.000000)(0,255,0)
(1.879999,-14.881721,0.000000)(3.730348,-14.528747,0.000000)(0,255,0)
(3.730348,-14.528747,0.000000)(5.521868,-13.946647,0.000000)(0,255,0)
(5.521868,-13.946647,0.000000)(7.226305,-13.144600,0.000000)(0,255,0)
(7.226305,-13.144600,0.000000)(8.816779,-12.135255,0.000000)(0,255,0)
(8.816779,-12.135255,0.000000)(10.268207,-10.934529,0.000000)(0,255,0)
(10.268207,-10.934529,0.000000)(11.557699,-9.561360,0.000000)(0,255,0)
(11.557699,-9.561360,0.000000)(12.664919,-8.037402,0.000000)(0,255,0)
(12.664919,-8.037402,0.000000)(13.572406,-6.386689,0.000000)(0,255,0)
(13.572406,-6.386689,0.000000)(14.265848,-4.635255,0.000000)(0,255,0)
(14.265848,-4.635255,0.000000)(14.734309,-2.810720,0.000000)(0,255,0)
(14.734309,-2.810720,0.000000)(14.970401,-0.941858,0.000000)(0,255,0)
(14.970401,-0.941858,0.000000)(14.970401,0.941858,0.000000)(0,255,0)
(14.970401,0.941858,0.000000)(14.734309,2.810720,0.000000)(0,255,0)
(14.734309,2.810720,0.000000)(14.265848,4.635255,0.000000)(0,255,0)
(14.265848,4.635255,0.000000)(13.572406,6.386689,0.000000)(0,255,0)
(13.572406,6.386689,0.000000)(12.664919,8.037402,0.000000)(0,255,0)
(12.664919,8.037402,0.000000)(11.557699,9.561360,0.000000)(0,255,0)
(11.557699,9.561360,0.000000)(10.268207,10.934529,0.000000)(0,255,0)
(10.268207,10.934529,0.000000)(8.816779,12.135255,0.000000)(0,255,0)
(8.816779,12.135255,0.000000)(7.226305,13.144600,0.000000)(0,255,0)
(7.226305,13.144600,0.000000)(5.521868,13.946647,0.000000)(0,255,0)
(5.521868,13.946647,0.000000)(3.730348,14.528747,0.000000)(0,255,0)
(3.730348,14.528747,0.000000)(1.879999,14.881721,0.000000)(0,255,0)
(1.879999,14.881721,0.000000)(0.000000,15.000000,0.000000)(0,255,0)
