points: Circle_circle.center
(0.000000,0.000000,0.000000)
lines: Circle_circle.lines
(0.000000,0.000000,0.000000)(0.000000,0.000000,0.000000)(255,255,0)
(0.000000,0.000000,0.000000)(0.000000,0.000000,0.000000)(255,255,0)
(0.000000,0.000000,0.000000)(0.000000,0.000000,0.000000)(255,255,0)
(0.000000,0.000000,0.000000)(0.000000,0.000000,0.000000)(255,255,0)
(0.000000,0.000000,0.000000)(0.000000,0.000000,0.000000)(255,255,0)
(0.000000,0.000000,0.000000)(0.000000,0.000000,0.000000)(255,255,0)
(0.000000,0.000000,0.000000)(0.000000,0.000000,0.000000)(255,255,0)
(0.000000,0.000000,0.000000)(0.000000,0.000000,0.000000)(255,255,0)
(0.000000,0.000000,0.000000)(0.000000,0.000000,0.000000)(255,255,0)
(0.000000,0.000000,0.000000)(0.000000,0.000000,0.000000)(255,255,0)
(0.000000,0.000000,0.000000)(0.000000,0.000000,0.000000)(255,255,0)
(0.000000,0.000000,0.000000)(0.000000,0.000000,0.000000)(255,255,0)
(0.000000,0.000000,0.000000)(0.000000,0.000000,0.000000)(255,255,0)
(0.000000,0.000000,0.000000)(0.000000,0.000000,0.000000)(255,255,0)
(0.000000,0.000000,0.000000)(0.000000,0.000000,0.000000)(255,255,0)
(0.000000,0.000000,0.000000)(0.000000,0.000000,0.000000)(255,255,0)
(0.000000,0.000000,0.000000)(0.000000,0.000000,0.000000)(255,255,0)
(0.000000,0.000000,0.000000)(0.000000,0.000000,0.000000)(255,255,0)
(0.000000,0.000000,0.000000)(0.000000,0.000000,0.000000)(255,255,0)
(0.000000,0.000000,0.000000)(0.000000,0.000000,0.000000)(255,255,0)
(0.000000,0.000000,0.000000)(0.000000,0.000000,0.000000)(255,255,0)
(0.000000,0.000000,0.000000)(0.000000,0.000000,0.000000)(255,255,0)
(0.000000,0.000000,0.000000)(0.000000,0.000000,0.000000)(255,255,0)
(0.000000,0.000000,0.000000)(0.000000,0.000000,0.000000)(255,255,0)
(0.000000,0.000000,0.000000)(0.000000,0.000000,0.000000)(255,255,0)
(0.000000,0.000000,0.000000)(0.000000,0.000000,0.000000)(255,255,0)
(0.000000,0.000000,0.000000)(0.000000,0.000000,0.000000)(255,255,0)
(0.000000,0.000000,0.000000)(0.000000,0.000000,0.000000)(255,255,0)
(0.000000,0.000000,0.000000)(0.000000,0.000000,0.000000)(255,255,0)
(0.000000,0.000000,0.000000)(0.000000,0.000000,0.000000)(255,255,0)
(0.000000,0.000000,0.000000)(0.000000,0.000000,0.000000)(255,255,0)
(0.000000,0.000000,0.000000)(0.000000,0.000000,0.000000)(255,255,0)
(0.000000,0.000000,0.000000)(0.000000,0.000000,0.000000)(255,255,0)
(0.000000,0.000000,0.000000)(0.000000,0.000000,0.000000)(255,255,0)
(0.000000,0.000000,0.000000)(0.000000,0.000000,0.000000)(255,255,0)
(0.000000,0.000000,0.000000)(0.000000,0.000000,0.000000)(255,255,0)
(0.000000,0.000000,0.000000)(0.000000,0.000000,0.000000)(255,255,0)
(0.000000,0.000000,0.000000)(0.000000,0.000000,0.000000)(255,255,0)
(0.000000,0.000000,0.000000)(0.000000,0.000000,0.000000)(255,255,0)
(0.000000,0.000000,0.000000)(0.000000,0.000000,0.000000)(255,255,0)
(0.000000,0.000000,0.000000)(0.000000,0.000000,0.000000)(255,255,0)
(0.000000,0.000000,0.000000)(0.000000,0.000000,0.000000)(255,255,0)
(0.000000,0.000000,0.000000)(0.000000,0.000000,0.000000)(255,255,0)
(0.000000,0.000000,0.000000)(0.000000,0.000000,0.000000)(255,255,0)
(0.000000,0.000000,0.000000)(0.000000,0.000000,0.000000)(255,255,0)
(0.000000,0.000000,0.000000)(0.000000,0.000000,0.000000)(255,255,0)
(0.000000,0.000000,0.000000)(0.000000,0.000000,0.000000)(255,255,0)
(0.000000,0.000000,0.000000)(0.000000,0.000000,0.000000)(255,255,0)
(0.000000,0.000000,0.000000)(0.000000,0.000000,0.000000)(255,255,0)
(0.000000,0.000000,0.000000)(0.000000,0.000000,0.000000)(255,255,0)
