points: Circle_circle2.center
(0.000000,0.000000,0.000000)
lines: Circle_circle2.lines
(0.000000,17.677670,-17.677670)(-3.133331,17.538276,-17.538276)(0,255,255)
(-3.133331,17.538276,-17.538276)(-6.217247,17.122293,-17.122293)(0,255,255)
(-6.217247,17.122293,-17.122293)(-9.203114,16.436281,-16.436281)(0,255,255)
(-9.203114,16.436281,-16.436281)(-12.043842,15.491060,-15.491060)(0,255,255)
(-12.043842,15.491060,-15.491060)(-14.694631,14.301535,-14.301535)(0,255,255)
(-14.694631,14.301535,-14.301535)(-17.113678,12.886466,-12.886466)(0,255,255)
(-17.113678,12.886466,-12.886466)(-19.262831,11.268171,-11.268171)(0,255,255)
(-19.262831,11.268171,-11.268171)(-21.108198,9.472169,-9.472169)(0,255,255)
(-21.108198,9.472169,-9.472169)(-22.620676,7.526786,-7.526786)(0,255,255)
(-22.620676,7.526786,-7.526786)(-23.776413,5.462700,-5.462700)(0,255,255)
(-23.776413,5.462700,-5.462700)(-24.557181,3.312465,-3.312465)(0,255,255)
(-24.557181,3.312465,-3.312465)(-24.950668,1.109990,-1.109990)(0,255,255)
(-24.950668,1.109990,-1.109990)(-24.950668,-1.109990,1.109990)(0,255,255)
(-24.950668,-1.109990,1.109990)(-24.557181,-3.312465,3.312465)(0,255,255)
(-24.557181,-3.312465,3.312465)(-23.776413,-5.462700,5.462700)(0,255,255)
(-23.776413,-5.462700,5.462700)(-22.620676,-7.526786,7.526786)(0,255,255)
(-22.620676,-7.526786,7.526786)(-21.108198,-9.472169,9.472169)(0,255,255)
(-21.108198,-9.472169,9.472169)(-19.262831,-11.268171,11.268171)(0,255,255)
(-19.262831,-11.268171,11.268171)(-17.113678,-12.886466,12.886466)(0,255,255)
(-17.113678,-12.886466,12.886466)(-14.694631,-14.301535,14.301535)(0,255,255)
(-14.694631,-14.301535,14.301535)(-12.043842,-15.491060,15.491060)(0,255,255)
(-12.043842,-15.491060,15.491060)(-9.203114,-16.436281,16.436281)(0,255,255)
(-9.203114,-16.436281,16.436281)(-6.217247,-17.122293,17.122293)(0,255,255)
(-6.217247,-17.122293,17.122293)(-3.133331,-17.538276,17.538276)(0,255,255)
(-3.133331,-17.538276,17.538276)(-0.000000,-17.677670,17.677670)(0,255,255)
(-0.000000,-17.677670,17.677670)(3.133331,-17.538276,17.538276)(0,255,255)
(3.133331,-17.538276,17.538276)(6.217247,-17.122293,17.122293)(0,255,255)
(6.217247,-17.122293,17.122293)(9.203114,-16.436281,16.436281)(0,255,255)
(9.203114,-16.436281,16.436281)(12.043842,-15.491060,15.491060)(0,255,255)
(12.043842,-15.491060,15.491060)(14.694631,-14.301535,14.301535)(0,255,255)
(14.694631,-14.301535,14.301535)(17.113678,-12.886466,12.886466)(0,255,255)
(17.113678,-12.886466,12.886466)(19.262831,-11.268171,11.268171)(0,255,255)
(19.262831,-11.268171,11.268171)(21.108198,-9.472169,9.472169)(0,255,255)
(21.108198,-9.472169,9.472169)(22.620676,-7.526786,7.526786)(0,255,255)
(22.620676,-7.526786,7.526786)(23.776413,-5.462700,5.462700)(0,255,255)
(23.776413,-5.462700,5.462700)(24.557181,-3.312465,3.312465)(0,255,255)
(24.557181,-3.312465,3.312465)(24.950668,-1.109990,1.109990)(0,255,255)
(24.950668,-1.109990,1.109990)(24.950668,1.109990,-1.109990)(0,255,255)
(24.950668,1.109990,-1.109990)(24.557181,3.312465,-3.312465)(0,255,255)
(24.557181,3.312465,-3.312465)(23.776413,5.462700,-5.462700)(0,255,255)
(23.776413,5.462700,-5.462700)(22.620676,7.526786,-7.526786)(0,255,255)
(22.620676,7.526786,-7.526786)(21.108198,9.472169,-9.472169)(0,255,255)
(21.108198,9.472169,-9.472169)(19.262831,11.268171,-11.268171)(0,255,255)
(19.262831,11.268171,-11.268171)(17.113678,12.886466,-12.886466)(0,255,255)
(17.113678,12.886466,-12.886466)(14.694631,14.301535,-14.301535)(0,255,255)
(14.694631,14.301535,-14.301535)(12.043842,15.491060,-15.491060)(0,255,255)
(12.043842,15.491060,-15.491060)(9.203114,16.436281,-16.436281)(0,255,255)
(9.203114,16.436281,-16.436281)(6.217247,17.122293,-17.122293)(0,255,255)
(6.217247,17.122293,-17.122293)(3.133331,17.538276,-17.538276)(0,255,255)
(3.133331,17.538276,-17.538276)(0.000000,17.677670,-17.677670)(0,255,255)
