points: Circle_circle3.center
(0.000000,0.000000,0.000000)
lines: Circle_circle3.lines
(0.000000,5.773503,-5.773503)(-0.835555,6.145754,-5.310199)(255,0,255)
(-0.835555,6.145754,-5.310199)(-1.657933,6.421084,-4.763151)(255,0,255)
(-1.657933,6.421084,-4.763151)(-2.454164,6.595149,-4.140985)(255,0,255)
(-2.454164,6.595149,-4.140985)(-3.211691,6.665205,-3.453513)(255,0,255)
(-3.211691,6.665205,-3.453513)(-3.918568,6.630146,-2.711578)(255,0,255)
(-3.918568,6.630146,-2.711578)(-4.563647,6.490526,-1.926879)(255,0,255)
(-4.563647,6.490526,-1.926879)(-5.136755,6.248547,-1.111792)(255,0,255)
(-5.136755,6.248547,-1.111792)(-5.628853,5.908024,-0.279171)(255,0,255)
(-5.628853,5.908024,-0.279171)(-6.032180,5.474328,0.557852)(255,0,255)
(-6.032180,5.474328,0.557852)(-6.340377,4.954299,1.386078)(255,0,255)
(-6.340377,4.954299,1.386078)(-6.548582,4.356137,2.192444)(255,0,255)
(-6.548582,4.356137,2.192444)(-6.653512,3.689277,2.964235)(255,0,255)
(-6.653512,3.689277,2.964235)(-6.653512,2.964235,3.689277)(255,0,255)
(-6.653512,2.964235,3.689277)(-6.548582,2.192444,4.356137)(255,0,255)
(-6.548582,2.192444,4.356137)(-6.340377,1.386078,4.954299)(255,0,255)
(-6.340377,1.386078,4.954299)(-6.032180,0.557852,5.474328)(255,0,255)
(-6.032180,0.557852,5.474328)(-5.628853,-0.279171,5.908024)(255,0,255)
(-5.628853,-0.279171,5.908024)(-5.136755,-1.111792,6.248547)(255,0,255)
(-5.136755,-1.111792,6.248547)(-4.563647,-1.926879,6.490526)(255,0,255)
(-4.563647,-1.926879,6.490526)(-3.918568,-2.711578,6.630146)(255,0,255)
(-3.918568,-2.711578,6.630146)(-3.211691,-3.453513,6.665205)(255,0,255)
(-3.211691,-3.453513,6.665205)(-2.454164,-4.140985,6.595149)(255,0,255)
(-2.454164,-4.140985,6.595149)(-1.657933,-4.763151,6.421084)(255,0,255)
(-1.657933,-4.763151,6.421084)(-0.835555,-5.310199,6.145754)(255,0,255)
(-0.835555,-5.310199,6.145754)(-0.000000,-5.773503,5.773503)(255,0,255)
(-0.000000,-5.773503,5.773503)(0.835555,-6.145754,5.310199)(255,0,255)
(0.835555,-6.145754,5.310199)(1.657933,-6.421084,4.763151)(255,0,255)
(1.657933,-6.421084,4.763151)(2.454164,-6.595149,4.140985)(255,0,255)
(2.454164,-6.595149,4.140985)(3.211691,-6.665205,3.453513)(255,0,255)
(3.211691,-6.665205,3.453513)(3.918568,-6.630146,2.711578)(255,0,255)
(3.918568,-6.630146,2.711578)(4.563647,-6.490526,1.926879)(255,0,255)
(4.563647,-6.490526,1.926879)(5.136755,-6.248547,1.111792)(255,0,255)
(5.136755,-6.248547,1.111792)(5.628853,-5.908024,0.279171)(255,0,255)
(5.628853,-5.908024,0.279171)(6.032180,-5.474328,-0.557852)(255,0,255)
(6.032180,-5.474328,-0.557852)(6.340377,-4.954299,-1.386078)(255,0,255)
(6.340377,-4.954299,-1.386078)(6.548582,-4.356137,-2.192444)(255,0,255)
(6.548582,-4.356137,-2.192444)(6.653512,-3.689277,-2.964235)(255,0,255)
(6.653512,-3.689277,-2.964235)(6.653512,-2.964235,-3.689277)(255,0,255)
(6.653512,-2.964235,-3.689277)(6.548582,-2.192444,-4.356137)(255,0,255)
(6.548582,-2.192444,-4.356137)(6.340377,-1.386078,-4.954299)(255,0,255)
(6.340377,-1.386078,-4.954299)(6.032180,-0.557852,-5.474328)(255,0,255)
(6.032180,-0.557852,-5.474328)(5.628853,0.279171,-5.908024)(255,0,255)
(5.628853,0.279171,-5.908024)(5.136755,1.111792,-6.248547)(255,0,255)
(5.136755,1.111792,-6.248547)(4.563647,1.926879,-6.490526)(255,0,255)
(4.563647,1.926879,-6.490526)(3.918568,2.711578,-6.630146)(255,0,255)
(3.918568,2.711578,-6.630146)(3.211691,3.453513,-6.665205)(255,0,255)
(3.211691,3.453513,-6.665205)(2.454164,4.140985,-6.595149)(255,0,255)
(2.454164,4.140985,-6.595149)(1.657933,4.763151,-6.421084)(255,0,255)
(1.657933,4.763151,-6.421084)(0.835555,5.310199,-6.145754)(255,0,255)
(0.835555,5.310199,-6.145754)(0.000000,5.773503,-5.773503)(255,0,255)
