triangles: cylinder
(11.000000,0.000000,-5.000000)(10.945817,0.324699,-5.000000)(11.000000,0.000000,-4.473684)(0.000000,1.000000,0.000000)
(10.945817,0.324699,-5.000000)(10.945817,0.324699,-4.473684)(11.000000,0.000000,-4.473684)(0.000000,1.000000,0.000000)
(11.000000,0.000000,-4.473684)(10.945817,0.324699,-4.473684)(11.000000,0.000000,-3.947368)(0.000000,1.000000,0.000000)
(10.945817,0.324699,-4.473684)(10.945817,0.324699,-3.947368)(11.000000,0.000000,-3.947368)(0.000000,1.000000,0.000000)
(11.000000,0.000000,-3.947368)(10.945817,0.324699,-3.947368)(11.000000,0.000000,-3.421053)(0.000000,1.000000,0.000000)
(10.945817,0.324699,-3.947368)(10.945817,0.324699,-3.421053)(11.000000,0.000000,-3.421053)(0.000000,1.000000,0.000000)
(11.000000,0.000000,-3.421053)(10.945817,0.324699,-3.421053)(11.000000,0.000000,-2.894737)(0.000000,1.000000,0.000000)
(10.945817,0.324699,-3.421053)(10.945817,0.324699,-2.894737)(11.000000,0.000000,-2.894737)(0.000000,1.000000,0.000000)
(11.000000,0.000000,-2.894737)(10.945817,0.324699,-2.894737)(11.000000,0.000000,-2.368421)(0.000000,1.000000,0.000000)
(10.945817,0.324699,-2.894737)(10.945817,0.324699,-2.368421)(11.000000,0.000000,-2.368421)(0.000000,1.000000,0.000000)
(11.000000,0.000000,-2.368421)(10.945817,0.324699,-2.368421)(11.000000,0.000000,-1.842105)(0.000000,1.000000,0.000000)
(10.945817,0.324699,-2.368421)(10.945817,0.324699,-1.842105)(11.000000,0.000000,-1.842105)(0.000000,1.000000,0.000000)
(11.000000,0.000000,-1.842105)(10.945817,0.324699,-1.842105)(11.000000,0.000000,-1.315789)(0.000000,1.000000,0.000000)
(10.945817,0.324699,-1.842105)(10.945817,0.324699,-1.315789)(11.000000,0.000000,-1.315789)(0.000000,1.000000,0.000000)
(11.000000,0.000000,-1.315789)(10.945817,0.324699,-1.315789)(11.000000,0.000000,-0.789474)(0.000000,1.000000,0.000000)
(10.945817,0.324699,-1.315789)(10.945817,0.324699,-0.789474)(11.000000,0.000000,-0.789474)(0.000000,1.000000,0.000000)
(11.000000,0.000000,-0.789474)(10.945817,0.324699,-0.789474)(11.000000,0.000000,-0.263158)(0.000000,1.000000,0.000000)
(10.945817,0.324699,-0.789474)(10.945817,0.324699,-0.263158)(11.000000,0.000000,-0.263158)(0.000000,1.000000,0.000000)
(11.000000,0.000000,-0.263158)(10.945817,0.324699,-0.263158)(11.000000,0.000000,0.263158)(0.000000,1.000000,0.000000)
(10.945817,0.324699,-0.263158)(10.945817,0.324699,0.263158)(11.000000,0.000000,0.263158)(0.000000,1.000000,0.000000)
(11.000000,0.000000,0.263158)(10.945817,0.324699,0.263158)(11.000000,0.000000,0.789474)(0.000000,1.000000,0.000000)
(10.945817,0.324699,0.263158)(10.945817,0.324699,0.789474)(11.000000,0.000000,0.789474)(0.000000,1.000000,0.000000)
(11.000000,0.000000,0.789474)(10.945817,0.324699,0.789474)(11.000000,0.000000,1.315789)(0.000000,1.000000,0.000000)
(10.945817,0.324699,0.789474)(10.945817,0.324699,1.315789)(11.000000,0.000000,1.315789)(0.000000,1.000000,0.000000)
(11.000000,0.000000,1.315789)(10.945817,0.324699,1.315789)(11.000000,0.000000,1.842105)(0.000000,1.000000,0.000000)
(10.945817,0.324699,1.315789)(10.945817,0.324699,1.842105)(11.000000,0.000000,1.842105)(0.000000,1.000000,0.000000)
(11.000000,0.000000,1.842105)(10.945817,0.324699,1.842105)(11.000000,0.000000,2.368421)(0.000000,1.000000,0.000000)
(10.945817,0.324699,1.842105)(10.945817,0.324699,2.368421)(11.000000,0.000000,2.368421)(0.000000,1.000000,0.000000)
(11.000000,0.000000,2.368421)(10.945817,0.324699,2.368421)(11.000000,0.000000,2.894737)(0.000000,1.000000,0.000000)
(10.945817,0.324699,2.368421)(10.945817,0.324699,2.894737)(11.000000,0.000000,2.894737)(0.000000,1.000000,0.000000)
(11.000000,0.000000,2.894737)(10.945817,0.324699,2.894737)(11.000000,0.000000,3.421053)(0.000000,1.000000,0.000000)
(10.945817,0.324699,2.894737)(10.945817,0.324699,3.421053)(11.000000,0.000000,3.421053)(0.000000,1.000000,0.000000)
(11.000000,0.000000,3.421053)(10.945817,0.324699,3.421053)(11.000000,0.000000,3.947368)(0.000000,1.000000,0.000000)
(10.945817,0.324699,3.421053)(10.945817,0.324699,3.947368)(11.000000,0.000000,3.947368)(0.000000,1.000000,0.000000)
(11.000000,0.000000,3.947368)(10.945817,0.324699,3.947368)(11.000000,0.000000,4.473684)(0.000000,1.000000,0.000000)
(10.945817,0.324699,3.947368)(10.945817,0.324699,4.473684)(11.000000,0.000000,4.473684)(0.000000,1.000000,0.000000)
(11.000000,0.000000,4.473684)(10.945817,0.324699,4.473684)(11.000000,0.000000,5.000000)(0.000000,1.000000,0.000000)
(10.945817,0.324699,4.473684)(10.945817,0.324699,5.000000)(11.000000,0.000000,5.000000)(0.000000,1.000000,0.000000)
(10.945817,0.324699,-5.000000)(10.789141,0.614213,-5.000000)(10.945817,0.324699,-4.473684)(0.000000,1.000000,0.000000)
(10.789141,0.614213,-5.000000)(10.789141,0.614213,-4.473684)(10.945817,0.324699,-4.473684)(0.000000,1.000000,0.000000)
(10.945817,0.324699,-4.473684)(10.789141,0.614213,-4.473684)(10.945817,0.324699,-3.947368)(0.000000,1.000000,0.000000)
(10.789141,0.614213,-4.473684)(10.789141,0.614213,-3.947368)(10.945817,0.324699,-3.947368)(0.000000,1.000000,0.000000)
(10.945817,0.324699,-3.947368)(10.789141,0.614213,-3.947368)(10.945817,0.324699,-3.421053)(0.000000,1.000000,0.000000)
(10.789141,0.614213,-3.947368)(10.789141,0.614213,-3.421053)(10.945817,0.324699,-3.421053)(0.000000,1.000000,0.000000)
(10.945817,0.324699,-3.421053)(10.789141,0.614213,-3.421053)(10.945817,0.324699,-2.894737)(0.000000,1.000000,0.000000)
(10.789141,0.614213,-3.421053)(10.789141,0.614213,-2.894737)(10.945817,0.324699,-2.894737)(0.000000,1.000000,0.000000)
(10.945817,0.324699,-2.894737)(10.789141,0.614213,-2.894737)(10.945817,0.324699,-2.368421)(0.000000,1.000000,0.000000)
(10.789141,0.614213,-2.894737)(10.789141,0.614213,-2.368421)(10.945817,0.324699,-2.368421)(0.000000,1.000000,0.000000)
(10.945817,0.324699,-2.368421)(10.789141,0.614213,-2.368421)(10.945817,0.324699,-1.842105)(0.000000,1.000000,0.000000)
(10.789141,0.614213,-2.368421)(10.789141,0.614213,-1.842105)(10.945817,0.324699,-1.842105)(0.000000,1.000000,0.000000)
(10.945817,0.324699,-1.842105)(10.789141,0.614213,-1.842105)(10.945817,0.324699,-1.315789)(0.000000,1.000000,0.000000)
(10.789141,0.614213,-1.842105)(10.789141,0.614213,-1.315789)(10.945817,0.324699,-1.315789)(0.000000,1.000000,0.000000)
(10.945817,0.324699,-1.315789)(10.789141,0.614213,-1.315789)(10.945817,0.324699,-0.789474)(0.000000,1.000000,0.000000)
(10.789141,0.614213,-1.315789)(10.789141,0.614213,-0.789474)(10.945817,0.324699,-0.789474)(0.000000,1.000000,0.000000)
(10.945817,0.324699,-0.789474)(10.789141,0.614213,-0.789474)(10.945817,0.324699,-0.263158)(0.000000,1.000000,0.000000)
(10.789141,0.614213,-0.789474)(10.789141,0.614213,-0.263158)(10.945817,0.324699,-0.263158)(0.000000,1.000000,0.000000)
(10.945817,0.324699,-0.263158)(10.789141,0.614213,-0.263158)(10.945817,0.324699,0.263158)(0.000000,1.000000,0.000000)
(10.789141,0.614213,-0.263158)(10.789141,0.614213,0.263158)(10.945817,0.324699,0.263158)(0.000000,1.000000,0.000000)
(10.945817,0.324699,0.263158)(10.789141,0.614213,0.263158)(10.945817,0.324699,0.789474)(0.000000,1.000000,0.000000)
(10.789141,0.614213,0.263158)(10.789141,0.614213,0.789474)(10.945817,0.324699,0.789474)(0.000000,1.000000,0.000000)
(10.945817,0.324699,0.789474)(10.789141,0.614213,0.789474)(10.945817,0.324699,1.315789)(0.000000,1.000000,0.000000)
(10.789141,0.614213,0.789474)(10.789141,0.614213,1.315789)(10.945817,0.324699,1.315789)(0.000000,1.000000,0.000000)
(10.945817,0.324699,1.315789)(10.789141,0.614213,1.315789)(10.945817,0.324699,1.842105)(0.000000,1.000000,0.000000)
(10.789141,0.614213,1.315789)(10.789141,0.614213,1.842105)(10.945817,0.324699,1.842105)(0.000000,1.000000,0.000000)
(10.945817,0.324699,1.842105)(10.789141,0.614213,1.842105)(10.945817,0.324699,2.368421)(0.000000,1.000000,0.000000)
(10.789141,0.614213,1.842105)(10.789141,0.614213,2.368421)(10.945817,0.324699,2.368421)(0.000000,1.000000,0.000000)
(10.945817,0.324699,2.368421)(10.789141,0.614213,2.368421)(10.945817,0.324699,2.894737)(0.000000,1.000000,0.000000)
(10.789141,0.614213,2.368421)(10.789141,0.614213,2.894737)(10.945817,0.324699,2.894737)(0.000000,1.000000,0.000000)
(10.945817,0.324699,2.894737)(10.789141,0.614213,2.894737)(10.945817,0.324699,3.421053)(0.000000,1.000000,0.000000)
(10.789141,0.614213,2.894737)(10.789141,0.614213,3.421053)(10.945817,0.324699,3.421053)(0.000000,1.000000,0.000000)
(10.945817,0.324699,3.421053)(10.789141,0.614213,3.421053)(10.945817,0.324699,3.947368)(0.000000,1.000000,0.000000)
(10.789141,0.614213,3.421053)(10.789141,0.614213,3.947368)(10.945817,0.324699,3.947368)(0.000000,1.000000,0.000000)
(10.945817,0.324699,3.947368)(10.789141,0.614213,3.947368)(10.945817,0.324699,4.473684)(0.000000,1.000000,0.000000)
(10.789141,0.614213,3.947368)(10.789141,0.614213,4.473684)(10.945817,0.324699,4.473684)(0.000000,1.000000,0.000000)
(10.945817,0.324699,4.473684)(10.789141,0.614213,4.473684)(10.945817,0.324699,5.000000)(0.000000,1.000000,0.000000)
(10.789141,0.614213,4.473684)(10.789141,0.614213,5.000000)(10.945817,0.324699,5.000000)(0.000000,1.000000,0.000000)
(10.789141,0.614213,-5.000000)(10.546948,0.837166,-5.000000)(10.789141,0.614213,-4.473684)(0.000000,1.000000,0.000000)
(10.546948,0.837166,-5.000000)(10.546948,0.837166,-4.473684)(10.789141,0.614213,-4.473684)(0.000000,1.000000,0.000000)
(10.789141,0.614213,-4.473684)(10.546948,0.837166,-4.473684)(10.789141,0.614213,-3.947368)(0.000000,1.000000,0.000000)
(10.546948,0.837166,-4.473684)(10.546948,0.837166,-3.947368)(10.789141,0.614213,-3.947368)(0.000000,1.000000,0.000000)
(10.789141,0.614213,-3.947368)(10.546948,0.837166,-3.947368)(10.789141,0.614213,-3.421053)(0.000000,1.000000,0.000000)
(10.546948,0.837166,-3.947368)(10.546948,0.837166,-3.421053)(10.789141,0.614213,-3.421053)(0.000000,1.000000,0.000000)
(10.789141,0.614213,-3.421053)(10.546948,0.837166,-3.421053)(10.789141,0.614213,-2.894737)(0.000000,1.000000,0.000000)
(10.546948,0.837166,-3.421053)(10.546948,0.837166,-2.894737)(10.789141,0.614213,-2.894737)(0.000000,1.000000,0.000000)
(10.789141,0.614213,-2.894737)(10.546948,0.837166,-2.894737)(10.789141,0.614213,-2.368421)(0.000000,1.000000,0.000000)
(10.546948,0.837166,-2.894737)(10.546948,0.837166,-2.368421)(10.789141,0.614213,-2.368421)(0.000000,1.000000,0.000000)
(10.789141,0.614213,-2.368421)(10.546948,0.837166,-2.368421)(10.789141,0.614213,-1.842105)(0.000000,1.000000,0.000000)
(10.546948,0.837166,-2.368421)(10.546948,0.837166,-1.842105)(10.789141,0.614213,-1.842105)(0.000000,1.000000,0.000000)
(10.789141,0.614213,-1.842105)(10.546948,0.837166,-1.842105)(10.789141,0.614213,-1.315789)(0.000000,1.000000,0.000000)
(10.546948,0.837166,-1.842105)(10.546948,0.837166,-1.315789)(10.789141,0.614213,-1.315789)(0.000000,1.000000,0.000000)
(10.789141,0.614213,-1.315789)(10.546948,0.837166,-1.315789)(10.789141,0.614213,-0.789474)(0.000000,1.000000,0.000000)
(10.546948,0.837166,-1.315789)(10.546948,0.837166,-0.789474)(10.789141,0.614213,-0.789474)(0.000000,1.000000,0.000000)
(10.789141,0.614213,-0.789474)(10.546948,0.837166,-0.789474)(10.789141,0.614213,-0.263158)(0.000000,1.000000,0.000000)
(10.546948,0.837166,-0.789474)(10.546948,0.837166,-0.263158)(10.789141,0.614213,-0.263158)(0.000000,1.000000,0.000000)
(10.789141,0.614213,-0.263158)(10.546948,0.837166,-0.263158)(10.789141,0.614213,0.263158)(0.000000,1.000000,0.000000)
(10.546948,0.837166,-0.263158)(10.546948,0.837166,0.263158)(10.789141,0.614213,0.263158)(0.000000,1.000000,0.000000)
(10.789141,0.614213,0.263158)(10.546948,0.837166,0.263158)(10.789141,0.614213,0.789474)(0.000000,1.000000,0.000000)
(10.546948,0.837166,0.263158)(10.546948,0.837166,0.789474)(10.789141,0.614213,0.789474)(0.000000,1.000000,0.000000)
(10.789141,0.614213,0.789474)(10.546948,0.837166,0.789474)(10.789141,0.614213,1.315789)(0.000000,1.000000,0.000000)
(10.546948,0.837166,0.789474)(10.546948,0.837166,1.315789)(10.789141,0.614213,1.315789)(0.000000,1.000000,0.000000)
(10.789141,0.614213,1.315789)(10.546948,0.837166,1.315789)(10.789141,0.614213,1.842105)(0.000000,1.000000,0.000000)
(10.546948,0.837166,1.315789)(10.546948,0.837166,1.842105)(10.789141,0.614213,1.842105)(0.000000,1.000000,0.000000)
(10.789141,0.614213,1.842105)(10.546948,0.837166,1.842105)(10.789141,0.614213,2.368421)(0.000000,1.000000,0.000000)
(10.546948,0.837166,1.842105)(10.546948,0.837166,2.368421)(10.789141,0.614213,2.368421)(0.000000,1.000000,0.000000)
(10.789141,0.614213,2.368421)(10.546948,0.837166,2.368421)(10.789141,0.614213,2.894737)(0.000000,1.000000,0.000000)
(10.546948,0.837166,2.368421)(10.546948,0.837166,2.894737)(10.789141,0.614213,2.894737)(0.000000,1.000000,0.000000)
(10.789141,0.614213,2.894737)(10.546948,0.837166,2.894737)(10.789141,0.614213,3.421053)(0.000000,1.000000,0.000000)
(10.546948,0.837166,2.894737)(10.546948,0.837166,3.421053)(10.789141,0.614213,3.421053)(0.000000,1.000000,0.000000)
(10.789141,0.614213,3.421053)(10.546948,0.837166,3.421053)(10.789141,0.614213,3.947368)(0.000000,1.000000,0.000000)
(10.546948,0.837166,3.421053)(10.546948,0.837166,3.947368)(10.789141,0.614213,3.947368)(0.000000,1.000000,0.000000)
(10.789141,0.614213,3.947368)(10.546948,0.837166,3.947368)(10.789141,0.614213,4.473684)(0.000000,1.000000,0.000000)
(10.546948,0.837166,3.947368)(10.546948,0.837166,4.473684)(10.789141,0.614213,4.473684)(0.000000,1.000000,0.000000)
(10.789141,0.614213,4.473684)(10.546948,0.837166,4.473684)(10.789141,0.614213,5.000000)(0.000000,1.000000,0.000000)
(10.546948,0.837166,4.473684)(10.546948,0.837166,5.000000)(10.789141,0.614213,5.000000)(0.000000,1.000000,0.000000)
(10.546948,0.837166,-5.000000)(10.245485,0.969400,-5.000000)(10.546948,0.837166,-4.473684)(0.000000,1.000000,0.000000)
(10.245485,0.969400,-5.000000)(10.245485,0.969400,-4.473684)(10.546948,0.837166,-4.473684)(0.000000,1.000000,0.000000)
(10.546948,0.837166,-4.473684)(10.245485,0.969400,-4.473684)(10.546948,0.837166,-3.947368)(0.000000,1.000000,0.000000)
(10.245485,0.969400,-4.473684)(10.245485,0.969400,-3.947368)(10.546948,0.837166,-3.947368)(0.000000,1.000000,0.000000)
(10.546948,0.837166,-3.947368)(10.245485,0.969400,-3.947368)(10.546948,0.837166,-3.421053)(0.000000,1.000000,0.000000)
(10.245485,0.969400,-3.947368)(10.245485,0.969400,-3.421053)(10.546948,0.837166,-3.421053)(0.000000,1.000000,0.000000)
(10.546948,0.837166,-3.421053)(10.245485,0.969400,-3.421053)(10.546948,0.837166,-2.894737)(0.000000,1.000000,0.000000)
(10.245485,0.969400,-3.421053)(10.245485,0.969400,-2.894737)(10.546948,0.837166,-2.894737)(0.000000,1.000000,0.000000)
(10.546948,0.837166,-2.894737)(10.245485,0.969400,-2.894737)(10.546948,0.837166,-2.368421)(0.000000,1.000000,0.000000)
(10.245485,0.969400,-2.894737)(10.245485,0.969400,-2.368421)(10.546948,0.837166,-2.368421)(0.000000,1.000000,0.000000)
(10.546948,0.837166,-2.368421)(10.245485,0.969400,-2.368421)(10.546948,0.837166,-1.842105)(0.000000,1.000000,0.000000)
(10.245485,0.969400,-2.368421)(10.245485,0.969400,-1.842105)(10.546948,0.837166,-1.842105)(0.000000,1.000000,0.000000)
(10.546948,0.837166,-1.842105)(10.245485,0.969400,-1.842105)(10.546948,0.837166,-1.315789)(0.000000,1.000000,0.000000)
(10.245485,0.969400,-1.842105)(10.245485,0.969400,-1.315789)(10.546948,0.837166,-1.315789)(0.000000,1.000000,0.000000)
(10.546948,0.837166,-1.315789)(10.245485,0.969400,-1.315789)(10.546948,0.837166,-0.789474)(0.000000,1.000000,0.000000)
(10.245485,0.969400,-1.315789)(10.245485,0.969400,-0.789474)(10.546948,0.837166,-0.789474)(0.000000,1.000000,0.000000)
(10.546948,0.837166,-0.789474)(10.245485,0.969400,-0.789474)(10.546948,0.837166,-0.263158)(0.000000,1.000000,0.000000)
(10.245485,0.969400,-0.789474)(10.245485,0.969400,-0.263158)(10.546948,0.837166,-0.263158)(0.000000,1.000000,0.000000)
(10.546948,0.837166,-0.263158)(10.245485,0.969400,-0.263158)(10.546948,0.837166,0.263158)(0.000000,1.000000,0.000000)
(10.245485,0.969400,-0.263158)(10.245485,0.969400,0.263158)(10.546948,0.837166,0.263158)(0.000000,1.000000,0.000000)
(10.546948,0.837166,0.263158)(10.245485,0.969400,0.263158)(10.546948,0.837166,0.789474)(0.000000,1.000000,0.000000)
(10.245485,0.969400,0.263158)(10.245485,0.969400,0.789474)(10.546948,0.837166,0.789474)(0.000000,1.000000,0.000000)
(10.546948,0.837166,0.789474)(10.245485,0.969400,0.789474)(10.546948,0.837166,1.315789)(0.000000,1.000000,0.000000)
(10.245485,0.969400,0.789474)(10.245485,0.969400,1.315789)(10.546948,0.837166,1.315789)(0.000000,1.000000,0.000000)
(10.546948,0.837166,1.315789)(10.245485,0.969400,1.315789)(10.546948,0.837166,1.842105)(0.000000,1.000000,0.000000)
(10.245485,0.969400,1.315789)(10.245485,0.969400,1.842105)(10.546948,0.837166,1.842105)(0.000000,1.000000,0.000000)
(10.546948,0.837166,1.842105)(10.245485,0.969400,1.842105)(10.546948,0.837166,2.368421)(0.000000,1.000000,0.000000)
(10.245485,0.969400,1.842105)(10.245485,0.969400,2.368421)(10.546948,0.837166,2.368421)(0.000000,1.000000,0.000000)
(10.546948,0.837166,2.368421)(10.245485,0.969400,2.368421)(10.546948,0.837166,2.894737)(0.000000,1.000000,0.000000)
(10.245485,0.969400,2.368421)(10.245485,0.969400,2.894737)(10.546948,0.837166,2.894737)(0.000000,1.000000,0.000000)
(10.546948,0.837166,2.894737)(10.245485,0.969400,2.894737)(10.546948,0.837166,3.421053)(0.000000,1.000000,0.000000)
(10.245485,0.969400,2.894737)(10.245485,0.969400,3.421053)(10.546948,0.837166,3.421053)(0.000000,1.000000,0.000000)
(10.546948,0.837166,3.421053)(10.245485,0.969400,3.421053)(10.546948,0.837166,3.947368)(0.000000,1.000000,0.000000)
(10.245485,0.969400,3.421053)(10.245485,0.969400,3.947368)(10.546948,0.837166,3.947368)(0.000000,1.000000,0.000000)
(10.546948,0.837166,3.947368)(10.245485,0.969400,3.947368)(10.546948,0.837166,4.473684)(0.000000,1.000000,0.000000)
(10.245485,0.969400,3.947368)(10.245485,0.969400,4.473684)(10.546948,0.837166,4.473684)(0.000000,1.000000,0.000000)
(10.546948,0.837166,4.473684)(10.245485,0.969400,4.473684)(10.546948,0.837166,5.000000)(0.000000,1.000000,0.000000)
(10.245485,0.969400,4.473684)(10.245485,0.969400,5.000000)(10.546948,0.837166,5.000000)(0.000000,1.000000,0.000000)
(10.245485,0.969400,-5.000000)(9.917421,0.996584,-5.000000)(10.245485,0.969400,-4.473684)(0.000000,1.000000,0.000000)
(9.917421,0.996584,-5.000000)(9.917421,0.996584,-4.473684)(10.245485,0.969400,-4.473684)(0.000000,1.000000,0.000000)
(10.245485,0.969400,-4.473684)(9.917421,0.996584,-4.473684)(10.245485,0.969400,-3.947368)(0.000000,1.000000,0.000000)
(9.917421,0.996584,-4.473684)(9.917421,0.996584,-3.947368)(10.245485,0.969400,-3.947368)(0.000000,1.000000,0.000000)
(10.245485,0.969400,-3.947368)(9.917421,0.996584,-3.947368)(10.245485,0.969400,-3.421053)(0.000000,1.000000,0.000000)
(9.917421,0.996584,-3.947368)(9.917421,0.996584,-3.421053)(10.245485,0.969400,-3.421053)(0.000000,1.000000,0.000000)
(10.245485,0.969400,-3.421053)(9.917421,0.996584,-3.421053)(10.245485,0.969400,-2.894737)(0.000000,1.000000,0.000000)
(9.917421,0.996584,-3.421053)(9.917421,0.996584,-2.894737)(10.245485,0.969400,-2.894737)(0.000000,1.000000,0.000000)
(10.245485,0.969400,-2.894737)(9.917421,0.996584,-2.894737)(10.245485,0.969400,-2.368421)(0.000000,1.000000,0.000000)
(9.917421,0.996584,-2.894737)(9.917421,0.996584,-2.368421)(10.245485,0.969400,-2.368421)(0.000000,1.000000,0.000000)
(10.245485,0.969400,-2.368421)(9.917421,0.996584,-2.368421)(10.245485,0.969400,-1.842105)(0.000000,1.000000,0.000000)
(9.917421,0.996584,-2.368421)(9.917421,0.996584,-1.842105)(10.245485,0.969400,-1.842105)(0.000000,1.000000,0.000000)
(10.245485,0.969400,-1.842105)(9.917421,0.996584,-1.842105)(10.245485,0.969400,-1.315789)(0.000000,1.000000,0.000000)
(9.917421,0.996584,-1.842105)(9.917421,0.996584,-1.315789)(10.245485,0.969400,-1.315789)(0.000000,1.000000,0.000000)
(10.245485,0.969400,-1.315789)(9.917421,0.996584,-1.315789)(10.245485,0.969400,-0.789474)(0.000000,1.000000,0.000000)
(9.917421,0.996584,-1.315789)(9.917421,0.996584,-0.789474)(10.245485,0.969400,-0.789474)(0.000000,1.000000,0.000000)
(10.245485,0.969400,-0.789474)(9.917421,0.996584,-0.789474)(10.245485,0.969400,-0.263158)(0.000000,1.000000,0.000000)
(9.917421,0.996584,-0.789474)(9.917421,0.996584,-0.263158)(10.245485,0.969400,-0.263158)(0.000000,1.000000,0.000000)
(10.245485,0.969400,-0.263158)(9.917421,0.996584,-0.263158)(10.245485,0.969400,0.263158)(0.000000,1.000000,0.000000)
(9.917421,0.996584,-0.263158)(9.917421,0.996584,0.263158)(10.245485,0.969400,0.263158)(0.000000,1.000000,0.000000)
(10.245485,0.969400,0.263158)(9.917421,0.996584,0.263158)(10.245485,0.969400,0.789474)(0.000000,1.000000,0.000000)
(9.917421,0.996584,0.263158)(9.917421,0.996584,0.789474)(10.245485,0.969400,0.789474)(0.000000,1.000000,0.000000)
(10.245485,0.969400,0.789474)(9.917421,0.996584,0.789474)(10.245485,0.969400,1.315789)(0.000000,1.000000,0.000000)
(9.917421,0.996584,0.789474)(9.917421,0.996584,1.315789)(10.245485,0.969400,1.315789)(0.000000,1.000000,0.000000)
(10.245485,0.969400,1.315789)(9.917421,0.996584,1.315789)(10.245485,0.969400,1.842105)(0.000000,1.000000,0.000000)
(9.917421,0.996584,1.315789)(9.917421,0.996584,1.842105)(10.245485,0.969400,1.842105)(0.000000,1.000000,0.000000)
(10.245485,0.969400,1.842105)(9.917421,0.996584,1.842105)(10.245485,0.969400,2.368421)(0.000000,1.000000,0.000000)
(9.917421,0.996584,1.842105)(9.917421,0.996584,2.368421)(10.245485,0.969400,2.368421)(0.000000,1.000000,0.000000)
(10.245485,0.969400,2.368421)(9.917421,0.996584,2.368421)(10.245485,0.969400,2.894737)(0.000000,1.000000,0.000000)
(9.917421,0.996584,2.368421)(9.917421,0.996584,2.894737)(10.245485,0.969400,2.894737)(0.000000,1.000000,0.000000)
(10.245485,0.969400,2.894737)(9.917421,0.996584,2.894737)(10.245485,0.969400,3.421053)(0.000000,1.000000,0.000000)
(9.917421,0.996584,2.894737)(9.917421,0.996584,3.421053)(10.245485,0.969400,3.421053)(0.000000,1.000000,0.000000)
(10.245485,0.969400,3.421053)(9.917421,0.996584,3.421053)(10.245485,0.969400,3.947368)(0.000000,1.000000,0.000000)
(9.917421,0.996584,3.421053)(9.917421,0.996584,3.947368)(10.245485,0.969400,3.947368)(0.000000,1.000000,0.000000)
(10.245485,0.969400,3.947368)(9.917421,0.996584,3.947368)(10.245485,0.969400,4.473684)(0.000000,1.000000,0.000000)
(9.917421,0.996584,3.947368)(9.917421,0.996584,4.473684)(10.245485,0.969400,4.473684)(0.000000,1.000000,0.000000)
(10.245485,0.969400,4.473684)(9.917421,0.996584,4.473684)(10.245485,0.969400,5.000000)(0.000000,1.000000,0.000000)
(9.917421,0.996584,4.473684)(9.917421,0.996584,5.000000)(10.245485,0.969400,5.000000)(0.000000,1.000000,0.000000)
(9.917421,0.996584,-5.000000)(9.598305,0.915773,-5.000000)(9.917421,0.996584,-4.473684)(0.000000,1.000000,0.000000)
(9.598305,0.915773,-5.000000)(9.598305,0.915773,-4.473684)(9.917421,0.996584,-4.473684)(0.000000,1.000000,0.000000)
(9.917421,0.996584,-4.473684)(9.598305,0.915773,-4.473684)(9.917421,0.996584,-3.947368)(0.000000,1.000000,0.000000)
(9.598305,0.915773,-4.473684)(9.598305,0.915773,-3.947368)(9.917421,0.996584,-3.947368)(0.000000,1.000000,0.000000)
(9.917421,0.996584,-3.947368)(9.598305,0.915773,-3.947368)(9.917421,0.996584,-3.421053)(0.000000,1.000000,0.000000)
(9.598305,0.915773,-3.947368)(9.598305,0.915773,-3.421053)(9.917421,0.996584,-3.421053)(0.000000,1.000000,0.000000)
(9.917421,0.996584,-3.421053)(9.598305,0.915773,-3.421053)(9.917421,0.996584,-2.894737)(0.000000,1.000000,0.000000)
(9.598305,0.915773,-3.421053)(9.598305,0.915773,-2.894737)(9.917421,0.996584,-2.894737)(0.000000,1.000000,0.000000)
(9.917421,0.996584,-2.894737)(9.598305,0.915773,-2.894737)(9.917421,0.996584,-2.368421)(0.000000,1.000000,0.000000)
(9.598305,0.915773,-2.894737)(9.598305,0.915773,-2.368421)(9.917421,0.996584,-2.368421)(0.000000,1.000000,0.000000)
(9.917421,0.996584,-2.368421)(9.598305,0.915773,-2.368421)(9.917421,0.996584,-1.842105)(0.000000,1.000000,0.000000)
(9.598305,0.915773,-2.368421)(9.598305,0.915773,-1.842105)(9.917421,0.996584,-1.842105)(0.000000,1.000000,0.000000)
(9.917421,0.996584,-1.842105)(9.598305,0.915773,-1.842105)(9.917421,0.996584,-1.315789)(0.000000,1.000000,0.000000)
(9.598305,0.915773,-1.842105)(9.598305,0.915773,-1.315789)(9.917421,0.996584,-1.315789)(0.000000,1.000000,0.000000)
(9.917421,0.996584,-1.315789)(9.598305,0.915773,-1.315789)(9.917421,0.996584,-0.789474)(0.000000,1.000000,0.000000)
(9.598305,0.915773,-1.315789)(9.598305,0.915773,-0.789474)(9.917421,0.996584,-0.789474)(0.000000,1.000000,0.000000)
(9.917421,0.996584,-0.789474)(9.598305,0.915773,-0.789474)(9.917421,0.996584,-0.263158)(0.000000,1.000000,0.000000)
(9.598305,0.915773,-0.789474)(9.598305,0.915773,-0.263158)(9.917421,0.996584,-0.263158)(0.000000,1.000000,0.000000)
(9.917421,0.996584,-0.263158)(9.598305,0.915773,-0.263158)(9.917421,0.996584,0.263158)(0.000000,1.000000,0.000000)
(9.598305,0.915773,-0.263158)(9.598305,0.915773,0.263158)(9.917421,0.996584,0.263158)(0.000000,1.000000,0.000000)
(9.917421,0.996584,0.263158)(9.598305,0.915773,0.263158)(9.917421,0.996584,0.789474)(0.000000,1.000000,0.000000)
(9.598305,0.915773,0.263158)(9.598305,0.915773,0.789474)(9.917421,0.996584,0.789474)(0.000000,1.000000,0.000000)
(9.917421,0.996584,0.789474)(9.598305,0.915773,0.789474)(9.917421,0.996584,1.315789)(0.000000,1.000000,0.000000)
(9.598305,0.915773,0.789474)(9.598305,0.915773,1.315789)(9.917421,0.996584,1.315789)(0.000000,1.000000,0.000000)
(9.917421,0.996584,1.315789)(9.598305,0.915773,1.315789)(9.917421,0.996584,1.842105)(0.000000,1.000000,0.000000)
(9.598305,0.915773,1.315789)(9.598305,0.915773,1.842105)(9.917421,0.996584,1.842105)(0.000000,1.000000,0.000000)
(9.917421,0.996584,1.842105)(9.598305,0.915773,1.842105)(9.917421,0.996584,2.368421)(0.000000,1.000000,0.000000)
(9.598305,0.915773,1.842105)(9.598305,0.915773,2.368421)(9.917421,0.996584,2.368421)(0.000000,1.000000,0.000000)
(9.917421,0.996584,2.368421)(9.598305,0.915773,2.368421)(9.917421,0.996584,2.894737)(0.000000,1.000000,0.000000)
(9.598305,0.915773,2.368421)(9.598305,0.915773,2.894737)(9.917421,0.996584,2.894737)(0.000000,1.000000,0.000000)
(9.917421,0.996584,2.894737)(9.598305,0.915773,2.894737)(9.917421,0.996584,3.421053)(0.000000,1.000000,0.000000)
(9.598305,0.915773,2.894737)(9.598305,0.915773,3.421053)(9.917421,0.996584,3.421053)(0.000000,1.000000,0.000000)
(9.917421,0.996584,3.421053)(9.598305,0.915773,3.421053)(9.917421,0.996584,3.947368)(0.000000,1.000000,0.000000)
(9.598305,0.915773,3.421053)(9.598305,0.915773,3.947368)(9.917421,0.996584,3.947368)(0.000000,1.000000,0.000000)
(9.917421,0.996584,3.947368)(9.598305,0.915773,3.947368)(9.917421,0.996584,4.473684)(0.000000,1.000000,0.000000)
(9.598305,0.915773,3.947368)(9.598305,0.915773,4.473684)(9.917421,0.996584,4.473684)(0.000000,1.000000,0.000000)
(9.917421,0.996584,4.473684)(9.598305,0.915773,4.473684)(9.917421,0.996584,5.000000)(0.000000,1.000000,0.000000)
(9.598305,0.915773,4.473684)(9.598305,0.915773,5.000000)(9.917421,0.996584,5.000000)(0.000000,1.000000,0.000000)
(9.598305,0.915773,-5.000000)(9.322718,0.735724,-5.000000)(9.598305,0.915773,-4.473684)(0.000000,1.000000,0.000000)
(9.322718,0.735724,-5.000000)(9.322718,0.735724,-4.473684)(9.598305,0.915773,-4.473684)(0.000000,1.000000,0.000000)
(9.598305,0.915773,-4.473684)(9.322718,0.735724,-4.473684)(9.598305,0.915773,-3.947368)(0.000000,1.000000,0.000000)
(9.322718,0.735724,-4.473684)(9.322718,0.735724,-3.947368)(9.598305,0.915773,-3.947368)(0.000000,1.000000,0.000000)
(9.598305,0.915773,-3.947368)(9.322718,0.735724,-3.947368)(9.598305,0.915773,-3.421053)(0.000000,1.000000,0.000000)
(9.322718,0.735724,-3.947368)(9.322718,0.735724,-3.421053)(9.598305,0.915773,-3.421053)(0.000000,1.000000,0.000000)
(9.598305,0.915773,-3.421053)(9.322718,0.735724,-3.421053)(9.598305,0.915773,-2.894737)(0.000000,1.000000,0.000000)
(9.322718,0.735724,-3.421053)(9.322718,0.735724,-2.894737)(9.598305,0.915773,-2.894737)(0.000000,1.000000,0.000000)
(9.598305,0.915773,-2.894737)(9.322718,0.735724,-2.894737)(9.598305,0.915773,-2.368421)(0.000000,1.000000,0.000000)
(9.322718,0.735724,-2.894737)(9.322718,0.735724,-2.368421)(9.598305,0.915773,-2.368421)(0.000000,1.000000,0.000000)
(9.598305,0.915773,-2.368421)(9.322718,0.735724,-2.368421)(9.598305,0.915773,-1.842105)(0.000000,1.000000,0.000000)
(9.322718,0.735724,-2.368421)(9.322718,0.735724,-1.842105)(9.598305,0.915773,-1.842105)(0.000000,1.000000,0.000000)
(9.598305,0.915773,-1.842105)(9.322718,0.735724,-1.842105)(9.598305,0.915773,-1.315789)(0.000000,1.000000,0.000000)
(9.322718,0.735724,-1.842105)(9.322718,0.735724,-1.315789)(9.598305,0.915773,-1.315789)(0.000000,1.000000,0.000000)
(9.598305,0.915773,-1.315789)(9.322718,0.735724,-1.315789)(9.598305,0.915773,-0.789474)(0.000000,1.000000,0.000000)
(9.322718,0.735724,-1.315789)(9.322718,0.735724,-0.789474)(9.598305,0.915773,-0.789474)(0.000000,1.000000,0.000000)
(9.598305,0.915773,-0.789474)(9.322718,0.735724,-0.789474)(9.598305,0.915773,-0.263158)(0.000000,1.000000,0.000000)
(9.322718,0.735724,-0.789474)(9.322718,0.735724,-0.263158)(9.598305,0.915773,-0.263158)(0.000000,1.000000,0.000000)
(9.598305,0.915773,-0.263158)(9.322718,0.735724,-0.263158)(9.598305,0.915773,0.263158)(0.000000,1.000000,0.000000)
(9.322718,0.735724,-0.263158)(9.322718,0.735724,0.263158)(9.598305,0.915773,0.263158)(0.000000,1.000000,0.000000)
(9.598305,0.915773,0.263158)(9.322718,0.735724,0.263158)(9.598305,0.915773,0.789474)(0.000000,1.000000,0.000000)
(9.322718,0.735724,0.263158)(9.322718,0.735724,0.789474)(9.598305,0.915773,0.789474)(0.000000,1.000000,0.000000)
(9.598305,0.915773,0.789474)(9.322718,0.735724,0.789474)(9.598305,0.915773,1.315789)(0.000000,1.000000,0.000000)
(9.322718,0.735724,0.789474)(9.322718,0.735724,1.315789)(9.598305,0.915773,1.315789)(0.000000,1.000000,0.000000)
(9.598305,0.915773,1.315789)(9.322718,0.735724,1.315789)(9.598305,0.915773,1.842105)(0.000000,1.000000,0.000000)
(9.322718,0.735724,1.315789)(9.322718,0.735724,1.842105)(9.598305,0.915773,1.842105)(0.000000,1.000000,0.000000)
(9.598305,0.915773,1.842105)(9.322718,0.735724,1.842105)(9.598305,0.915773,2.368421)(0.000000,1.000000,0.000000)
(9.322718,0.735724,1.842105)(9.322718,0.735724,2.368421)(9.598305,0.915773,2.368421)(0.000000,1.000000,0.000000)
(9.598305,0.915773,2.368421)(9.322718,0.735724,2.368421)(9.598305,0.915773,2.894737)(0.000000,1.000000,0.000000)
(9.322718,0.735724,2.368421)(9.322718,0.735724,2.894737)(9.598305,0.915773,2.894737)(0.000000,1.000000,0.000000)
(9.598305,0.915773,2.894737)(9.322718,0.735724,2.894737)(9.598305,0.915773,3.421053)(0.000000,1.000000,0.000000)
(9.322718,0.735724,2.894737)(9.322718,0.735724,3.421053)(9.598305,0.915773,3.421053)(0.000000,1.000000,0.000000)
(9.598305,0.915773,3.421053)(9.322718,0.735724,3.421053)(9.598305,0.915773,3.947368)(0.000000,1.000000,0.000000)
(9.322718,0.735724,3.421053)(9.322718,0.735724,3.947368)(9.598305,0.915773,3.947368)(0.000000,1.000000,0.000000)
(9.598305,0.915773,3.947368)(9.322718,0.735724,3.947368)(9.598305,0.915773,4.473684)(0.000000,1.000000,0.000000)
(9.322718,0.735724,3.947368)(9.322718,0.735724,4.473684)(9.598305,0.915773,4.473684)(0.000000,1.000000,0.000000)
(9.598305,0.915773,4.473684)(9.322718,0.735724,4.473684)(9.598305,0.915773,5.000000)(0.000000,1.000000,0.000000)
(9.322718,0.735724,4.473684)(9.322718,0.735724,5.000000)(9.598305,0.915773,5.000000)(0.000000,1.000000,0.000000)
(9.322718,0.735724,-5.000000)(9.120526,0.475947,-5.000000)(9.322718,0.735724,-4.473684)(0.000000,1.000000,0.000000)
(9.120526,0.475947,-5.000000)(9.120526,0.475947,-4.473684)(9.322718,0.735724,-4.473684)(0.000000,1.000000,0.000000)
(9.322718,0.735724,-4.473684)(9.120526,0.475947,-4.473684)(9.322718,0.735724,-3.947368)(0.000000,1.000000,0.000000)
(9.120526,0.475947,-4.473684)(9.120526,0.475947,-3.947368)(9.322718,0.735724,-3.947368)(0.000000,1.000000,0.000000)
(9.322718,0.735724,-3.947368)(9.120526,0.475947,-3.947368)(9.322718,0.735724,-3.421053)(0.000000,1.000000,0.000000)
(9.120526,0.475947,-3.947368)(9.120526,0.475947,-3.421053)(9.322718,0.735724,-3.421053)(0.000000,1.000000,0.000000)
(9.322718,0.735724,-3.421053)(9.120526,0.475947,-3.421053)(9.322718,0.735724,-2.894737)(0.000000,1.000000,0.000000)
(9.120526,0.475947,-3.421053)(9.120526,0.475947,-2.894737)(9.322718,0.735724,-2.894737)(0.000000,1.000000,0.000000)
(9.322718,0.735724,-2.894737)(9.120526,0.475947,-2.894737)(9.322718,0.735724,-2.368421)(0.000000,1.000000,0.000000)
(9.120526,0.475947,-2.894737)(9.120526,0.475947,-2.368421)(9.322718,0.735724,-2.368421)(0.000000,1.000000,0.000000)
(9.322718,0.735724,-2.368421)(9.120526,0.475947,-2.368421)(9.322718,0.735724,-1.842105)(0.000000,1.000000,0.000000)
(9.120526,0.475947,-2.368421)(9.120526,0.475947,-1.842105)(9.322718,0.735724,-1.842105)(0.000000,1.000000,0.000000)
(9.322718,0.735724,-1.842105)(9.120526,0.475947,-1.842105)(9.322718,0.735724,-1.315789)(0.000000,1.000000,0.000000)
(9.120526,0.475947,-1.842105)(9.120526,0.475947,-1.315789)(9.322718,0.735724,-1.315789)(0.000000,1.000000,0.000000)
(9.322718,0.735724,-1.315789)(9.120526,0.475947,-1.315789)(9.322718,0.735724,-0.789474)(0.000000,1.000000,0.000000)
(9.120526,0.475947,-1.315789)(9.120526,0.475947,-0.789474)(9.322718,0.735724,-0.789474)(0.000000,1.000000,0.000000)
(9.322718,0.735724,-0.789474)(9.120526,0.475947,-0.789474)(9.322718,0.735724,-0.263158)(0.000000,1.000000,0.000000)
(9.120526,0.475947,-0.789474)(9.120526,0.475947,-0.263158)(9.322718,0.735724,-0.263158)(0.000000,1.000000,0.000000)
(9.322718,0.735724,-0.263158)(9.120526,0.475947,-0.263158)(9.322718,0.735724,0.263158)(0.000000,1.000000,0.000000)
(9.120526,0.475947,-0.263158)(9.120526,0.475947,0.263158)(9.322718,0.735724,0.263158)(0.000000,1.000000,0.000000)
(9.322718,0.735724,0.263158)(9.120526,0.475947,0.263158)(9.322718,0.735724,0.789474)(0.000000,1.000000,0.000000)
(9.120526,0.475947,0.263158)(9.120526,0.475947,0.789474)(9.322718,0.735724,0.789474)(0.000000,1.000000,0.000000)
(9.322718,0.735724,0.789474)(9.120526,0.475947,0.789474)(9.322718,0.735724,1.315789)(0.000000,1.000000,0.000000)
(9.120526,0.475947,0.789474)(9.120526,0.475947,1.315789)(9.322718,0.735724,1.315789)(0.000000,1.000000,0.000000)
(9.322718,0.735724,1.315789)(9.120526,0.475947,1.315789)(9.322718,0.735724,1.842105)(0.000000,1.000000,0.000000)
(9.120526,0.475947,1.315789)(9.120526,0.475947,1.842105)(9.322718,0.735724,1.842105)(0.000000,1.000000,0.000000)
(9.322718,0.735724,1.842105)(9.120526,0.475947,1.842105)(9.322718,0.735724,2.368421)(0.000000,1.000000,0.000000)
(9.120526,0.475947,1.842105)(9.120526,0.475947,2.368421)(9.322718,0.735724,2.368421)(0.000000,1.000000,0.000000)
(9.322718,0.735724,2.368421)(9.120526,0.475947,2.368421)(9.322718,0.735724,2.894737)(0.000000,1.000000,0.000000)
(9.120526,0.475947,2.368421)(9.120526,0.475947,2.894737)(9.322718,0.735724,2.894737)(0.000000,1.000000,0.000000)
(9.322718,0.735724,2.894737)(9.120526,0.475947,2.894737)(9.322718,0.735724,3.421053)(0.000000,1.000000,0.000000)
(9.120526,0.475947,2.894737)(9.120526,0.475947,3.421053)(9.322718,0.735724,3.421053)(0.000000,1.000000,0.000000)
(9.322718,0.735724,3.421053)(9.120526,0.475947,3.421053)(9.322718,0.735724,3.947368)(0.000000,1.000000,0.000000)
(9.120526,0.475947,3.421053)(9.120526,0.475947,3.947368)(9.322718,0.735724,3.947368)(0.000000,1.000000,0.000000)
(9.322718,0.735724,3.947368)(9.120526,0.475947,3.947368)(9.322718,0.735724,4.473684)(0.000000,1.000000,0.000000)
(9.120526,0.475947,3.947368)(9.120526,0.475947,4.473684)(9.322718,0.735724,4.473684)(0.000000,1.000000,0.000000)
(9.322718,0.735724,4.473684)(9.120526,0.475947,4.473684)(9.322718,0.735724,5.000000)(0.000000,1.000000,0.000000)
(9.120526,0.475947,4.473684)(9.120526,0.475947,5.000000)(9.322718,0.735724,5.000000)(0.000000,1.000000,0.000000)
(9.120526,0.475947,-5.000000)(9.013639,0.164595,-5.000000)(9.120526,0.475947,-4.473684)(0.000000,1.000000,0.000000)
(9.013639,0.164595,-5.000000)(9.013639,0.164595,-4.473684)(9.120526,0.475947,-4.473684)(0.000000,1.000000,0.000000)
(9.120526,0.475947,-4.473684)(9.013639,0.164595,-4.473684)(9.120526,0.475947,-3.947368)(0.000000,1.000000,0.000000)
(9.013639,0.164595,-4.473684)(9.013639,0.164595,-3.947368)(9.120526,0.475947,-3.947368)(0.000000,1.000000,0.000000)
(9.120526,0.475947,-3.947368)(9.013639,0.164595,-3.947368)(9.120526,0.475947,-3.421053)(0.000000,1.000000,0.000000)
(9.013639,0.164595,-3.947368)(9.013639,0.164595,-3.421053)(9.120526,0.475947,-3.421053)(0.000000,1.000000,0.000000)
(9.120526,0.475947,-3.421053)(9.013639,0.164595,-3.421053)(9.120526,0.475947,-2.894737)(0.000000,1.000000,0.000000)
(9.013639,0.164595,-3.421053)(9.013639,0.164595,-2.894737)(9.120526,0.475947,-2.894737)(0.000000,1.000000,0.000000)
(9.120526,0.475947,-2.894737)(9.013639,0.164595,-2.894737)(9.120526,0.475947,-2.368421)(0.000000,1.000000,0.000000)
(9.013639,0.164595,-2.894737)(9.013639,0.164595,-2.368421)(9.120526,0.475947,-2.368421)(0.000000,1.000000,0.000000)
(9.120526,0.475947,-2.368421)(9.013639,0.164595,-2.368421)(9.120526,0.475947,-1.842105)(0.000000,1.000000,0.000000)
(9.013639,0.164595,-2.368421)(9.013639,0.164595,-1.842105)(9.120526,0.475947,-1.842105)(0.000000,1.000000,0.000000)
(9.120526,0.475947,-1.842105)(9.013639,0.164595,-1.842105)(9.120526,0.475947,-1.315789)(0.000000,1.000000,0.000000)
(9.013639,0.164595,-1.842105)(9.013639,0.164595,-1.315789)(9.120526,0.475947,-1.315789)(0.000000,1.000000,0.000000)
(9.120526,0.475947,-1.315789)(9.013639,0.164595,-1.315789)(9.120526,0.475947,-0.789474)(0.000000,1.000000,0.000000)
(9.013639,0.164595,-1.315789)(9.013639,0.164595,-0.789474)(9.120526,0.475947,-0.789474)(0.000000,1.000000,0.000000)
(9.120526,0.475947,-0.789474)(9.013639,0.164595,-0.789474)(9.120526,0.475947,-0.263158)(0.000000,1.000000,0.000000)
(9.013639,0.164595,-0.789474)(9.013639,0.164595,-0.263158)(9.120526,0.475947,-0.263158)(0.000000,1.000000,0.000000)
(9.120526,0.475947,-0.263158)(9.013639,0.164595,-0.263158)(9.120526,0.475947,0.263158)(0.000000,1.000000,0.000000)
(9.013639,0.164595,-0.263158)(9.013639,0.164595,0.263158)(9.120526,0.475947,0.263158)(0.000000,1.000000,0.000000)
(9.120526,0.475947,0.263158)(9.013639,0.164595,0.263158)(9.120526,0.475947,0.789474)(0.000000,1.000000,0.000000)
(9.013639,0.164595,0.263158)(9.013639,0.164595,0.789474)(9.120526,0.475947,0.789474)(0.000000,1.000000,0.000000)
(9.120526,0.475947,0.789474)(9.013639,0.164595,0.789474)(9.120526,0.475947,1.315789)(0.000000,1.000000,0.000000)
(9.013639,0.164595,0.789474)(9.013639,0.164595,1.315789)(9.120526,0.475947,1.315789)(0.000000,1.000000,0.000000)
(9.120526,0.475947,1.315789)(9.013639,0.164595,1.315789)(9.120526,0.475947,1.842105)(0.000000,1.000000,0.000000)
(9.013639,0.164595,1.315789)(9.013639,0.164595,1.842105)(9.120526,0.475947,1.842105)(0.000000,1.000000,0.000000)
(9.120526,0.475947,1.842105)(9.013639,0.164595,1.842105)(9.120526,0.475947,2.368421)(0.000000,1.000000,0.000000)
(9.013639,0.164595,1.842105)(9.013639,0.164595,2.368421)(9.120526,0.475947,2.368421)(0.000000,1.000000,0.000000)
(9.120526,0.475947,2.368421)(9.013639,0.164595,2.368421)(9.120526,0.475947,2.894737)(0.000000,1.000000,0.000000)
(9.013639,0.164595,2.368421)(9.013639,0.164595,2.894737)(9.120526,0.475947,2.894737)(0.000000,1.000000,0.000000)
(9.120526,0.475947,2.894737)(9.013639,0.164595,2.894737)(9.120526,0.475947,3.421053)(0.000000,1.000000,0.000000)
(9.013639,0.164595,2.894737)(9.013639,0.164595,3.421053)(9.120526,0.475947,3.421053)(0.000000,1.000000,0.000000)
(9.120526,0.475947,3.421053)(9.013639,0.164595,3.421053)(9.120526,0.475947,3.947368)(0.000000,1.000000,0.000000)
(9.013639,0.164595,3.421053)(9.013639,0.164595,3.947368)(9.120526,0.475947,3.947368)(0.000000,1.000000,0.000000)
(9.120526,0.475947,3.947368)(9.013639,0.164595,3.947368)(9.120526,0.475947,4.473684)(0.000000,1.000000,0.000000)
(9.013639,0.164595,3.947368)(9.013639,0.164595,4.473684)(9.120526,0.475947,4.473684)(0.000000,1.000000,0.000000)
(9.120526,0.475947,4.473684)(9.013639,0.164595,4.473684)(9.120526,0.475947,5.000000)(0.000000,1.000000,0.000000)
(9.013639,0.164595,4.473684)(9.013639,0.164595,5.000000)(9.120526,0.475947,5.000000)(0.000000,1.000000,0.000000)
(9.013639,0.164595,-5.000000)(9.013639,-0.164595,-5.000000)(9.013639,0.164595,-4.473684)(0.000000,1.000000,0.000000)
(9.013639,-0.164595,-5.000000)(9.013639,-0.164595,-4.473684)(9.013639,0.164595,-4.473684)(0.000000,1.000000,0.000000)
(9.013639,0.164595,-4.473684)(9.013639,-0.164595,-4.473684)(9.013639,0.164595,-3.947368)(0.000000,1.000000,0.000000)
(9.013639,-0.164595,-4.473684)(9.013639,-0.164595,-3.947368)(9.013639,0.164595,-3.947368)(0.000000,1.000000,0.000000)
(9.013639,0.164595,-3.947368)(9.013639,-0.164595,-3.947368)(9.013639,0.164595,-3.421053)(0.000000,1.000000,0.000000)
(9.013639,-0.164595,-3.947368)(9.013639,-0.164595,-3.421053)(9.013639,0.164595,-3.421053)(0.000000,1.000000,0.000000)
(9.013639,0.164595,-3.421053)(9.013639,-0.164595,-3.421053)(9.013639,0.164595,-2.894737)(0.000000,1.000000,0.000000)
(9.013639,-0.164595,-3.421053)(9.013639,-0.164595,-2.894737)(9.013639,0.164595,-2.894737)(0.000000,1.000000,0.000000)
(9.013639,0.164595,-2.894737)(9.013639,-0.164595,-2.894737)(9.013639,0.164595,-2.368421)(0.000000,1.000000,0.000000)
(9.013639,-0.164595,-2.894737)(9.013639,-0.164595,-2.368421)(9.013639,0.164595,-2.368421)(0.000000,1.000000,0.000000)
(9.013639,0.164595,-2.368421)(9.013639,-0.164595,-2.368421)(9.013639,0.164595,-1.842105)(0.000000,1.000000,0.000000)
(9.013639,-0.164595,-2.368421)(9.013639,-0.164595,-1.842105)(9.013639,0.164595,-1.842105)(0.000000,1.000000,0.000000)
(9.013639,0.164595,-1.842105)(9.013639,-0.164595,-1.842105)(9.013639,0.164595,-1.315789)(0.000000,1.000000,0.000000)
(9.013639,-0.164595,-1.842105)(9.013639,-0.164595,-1.315789)(9.013639,0.164595,-1.315789)(0.000000,1.000000,0.000000)
(9.013639,0.164595,-1.315789)(9.013639,-0.164595,-1.315789)(9.013639,0.164595,-0.789474)(0.000000,1.000000,0.000000)
(9.013639,-0.164595,-1.315789)(9.013639,-0.164595,-0.789474)(9.013639,0.164595,-0.789474)(0.000000,1.000000,0.000000)
(9.013639,0.164595,-0.789474)(9.013639,-0.164595,-0.789474)(9.013639,0.164595,-0.263158)(0.000000,1.000000,0.000000)
(9.013639,-0.164595,-0.789474)(9.013639,-0.164595,-0.263158)(9.013639,0.164595,-0.263158)(0.000000,1.000000,0.000000)
(9.013639,0.164595,-0.263158)(9.013639,-0.164595,-0.263158)(9.013639,0.164595,0.263158)(0.000000,1.000000,0.000000)
(9.013639,-0.164595,-0.263158)(9.013639,-0.164595,0.263158)(9.013639,0.164595,0.263158)(0.000000,1.000000,0.000000)
(9.013639,0.164595,0.263158)(9.013639,-0.164595,0.263158)(9.013639,0.164595,0.789474)(0.000000,1.000000,0.000000)
(9.013639,-0.164595,0.263158)(9.013639,-0.164595,0.789474)(9.013639,0.164595,0.789474)(0.000000,1.000000,0.000000)
(9.013639,0.164595,0.789474)(9.013639,-0.164595,0.789474)(9.013639,0.164595,1.315789)(0.000000,1.000000,0.000000)
(9.013639,-0.164595,0.789474)(9.013639,-0.164595,1.315789)(9.013639,0.164595,1.315789)(0.000000,1.000000,0.000000)
(9.013639,0.164595,1.315789)(9.013639,-0.164595,1.315789)(9.013639,0.164595,1.842105)(0.000000,1.000000,0.000000)
(9.013639,-0.164595,1.315789)(9.013639,-0.164595,1.842105)(9.013639,0.164595,1.842105)(0.000000,1.000000,0.000000)
(9.013639,0.164595,1.842105)(9.013639,-0.164595,1.842105)(9.013639,0.164595,2.368421)(0.000000,1.000000,0.000000)
(9.013639,-0.164595,1.842105)(9.013639,-0.164595,2.368421)(9.013639,0.164595,2.368421)(0.000000,1.000000,0.000000)
(9.013639,0.164595,2.368421)(9.013639,-0.164595,2.368421)(9.013639,0.164595,2.894737)(0.000000,1.000000,0.000000)
(9.013639,-0.164595,2.368421)(9.013639,-0.164595,2.894737)(9.013639,0.164595,2.894737)(0.000000,1.000000,0.000000)
(9.013639,0.164595,2.894737)(9.013639,-0.164595,2.894737)(9.013639,0.164595,3.421053)(0.000000,1.000000,0.000000)
(9.013639,-0.164595,2.894737)(9.013639,-0.164595,3.421053)(9.013639,0.164595,3.421053)(0.000000,1.000000,0.000000)
(9.013639,0.164595,3.421053)(9.013639,-0.164595,3.421053)(9.013639,0.164595,3.947368)(0.000000,1.000000,0.000000)
(9.013639,-0.164595,3.421053)(9.013639,-0.164595,3.947368)(9.013639,0.164595,3.947368)(0.000000,1.000000,0.000000)
(9.013639,0.164595,3.947368)(9.013639,-0.164595,3.947368)(9.013639,0.164595,4.473684)(0.000000,1.000000,0.000000)
(9.013639,-0.164595,3.947368)(9.013639,-0.164595,4.473684)(9.013639,0.164595,4.473684)(0.000000,1.000000,0.000000)
(9.013639,0.164595,4.473684)(9.013639,-0.164595,4.473684)(9.013639,0.164595,5.000000)(0.000000,1.000000,0.000000)
(9.013639,-0.164595,4.473684)(9.013639,-0.164595,5.000000)(9.013639,0.164595,5.000000)(0.000000,1.000000,0.000000)
(9.013639,-0.164595,-5.000000)(9.120526,-0.475947,-5.000000)(9.013639,-0.164595,-4.473684)(0.000000,1.000000,0.000000)
(9.120526,-0.475947,-5.000000)(9.120526,-0.475947,-4.473684)(9.013639,-0.164595,-4.473684)(0.000000,1.000000,0.000000)
(9.013639,-0.164595,-4.473684)(9.120526,-0.475947,-4.473684)(9.013639,-0.164595,-3.947368)(0.000000,1.000000,0.000000)
(9.120526,-0.475947,-4.473684)(9.120526,-0.475947,-3.947368)(9.013639,-0.164595,-3.947368)(0.000000,1.000000,0.000000)
(9.013639,-0.164595,-3.947368)(9.120526,-0.475947,-3.947368)(9.013639,-0.164595,-3.421053)(0.000000,1.000000,0.000000)
(9.120526,-0.475947,-3.947368)(9.120526,-0.475947,-3.421053)(9.013639,-0.164595,-3.421053)(0.000000,1.000000,0.000000)
(9.013639,-0.164595,-3.421053)(9.120526,-0.475947,-3.421053)(9.013639,-0.164595,-2.894737)(0.000000,1.000000,0.000000)
(9.120526,-0.475947,-3.421053)(9.120526,-0.475947,-2.894737)(9.013639,-0.164595,-2.894737)(0.000000,1.000000,0.000000)
(9.013639,-0.164595,-2.894737)(9.120526,-0.475947,-2.894737)(9.013639,-0.164595,-2.368421)(0.000000,1.000000,0.000000)
(9.120526,-0.475947,-2.894737)(9.120526,-0.475947,-2.368421)(9.013639,-0.164595,-2.368421)(0.000000,1.000000,0.000000)
(9.013639,-0.164595,-2.368421)(9.120526,-0.475947,-2.368421)(9.013639,-0.164595,-1.842105)(0.000000,1.000000,0.000000)
(9.120526,-0.475947,-2.368421)(9.120526,-0.475947,-1.842105)(9.013639,-0.164595,-1.842105)(0.000000,1.000000,0.000000)
(9.013639,-0.164595,-1.842105)(9.120526,-0.475947,-1.842105)(9.013639,-0.164595,-1.315789)(0.000000,1.000000,0.000000)
(9.120526,-0.475947,-1.842105)(9.120526,-0.475947,-1.315789)(9.013639,-0.164595,-1.315789)(0.000000,1.000000,0.000000)
(9.013639,-0.164595,-1.315789)(9.120526,-0.475947,-1.315789)(9.013639,-0.164595,-0.789474)(0.000000,1.000000,0.000000)
(9.120526,-0.475947,-1.315789)(9.120526,-0.475947,-0.789474)(9.013639,-0.164595,-0.789474)(0.000000,1.000000,0.000000)
(9.013639,-0.164595,-0.789474)(9.120526,-0.475947,-0.789474)(9.013639,-0.164595,-0.263158)(0.000000,1.000000,0.000000)
(9.120526,-0.475947,-0.789474)(9.120526,-0.475947,-0.263158)(9.013639,-0.164595,-0.263158)(0.000000,1.000000,0.000000)
(9.013639,-0.164595,-0.263158)(9.120526,-0.475947,-0.263158)(9.013639,-0.164595,0.263158)(0.000000,1.000000,0.000000)
(9.120526,-0.475947,-0.263158)(9.120526,-0.475947,0.263158)(9.013639,-0.164595,0.263158)(0.000000,1.000000,0.000000)
(9.013639,-0.164595,0.263158)(9.120526,-0.475947,0.263158)(9.013639,-0.164595,0.789474)(0.000000,1.000000,0.000000)
(9.120526,-0.475947,0.263158)(9.120526,-0.475947,0.789474)(9.013639,-0.164595,0.789474)(0.000000,1.000000,0.000000)
(9.013639,-0.164595,0.789474)(9.120526,-0.475947,0.789474)(9.013639,-0.164595,1.315789)(0.000000,1.000000,0.000000)
(9.120526,-0.475947,0.789474)(9.120526,-0.475947,1.315789)(9.013639,-0.164595,1.315789)(0.000000,1.000000,0.000000)
(9.013639,-0.164595,1.315789)(9.120526,-0.475947,1.315789)(9.013639,-0.164595,1.842105)(0.000000,1.000000,0.000000)
(9.120526,-0.475947,1.315789)(9.120526,-0.475947,1.842105)(9.013639,-0.164595,1.842105)(0.000000,1.000000,0.000000)
(9.013639,-0.164595,1.842105)(9.120526,-0.475947,1.842105)(9.013639,-0.164595,2.368421)(0.000000,1.000000,0.000000)
(9.120526,-0.475947,1.842105)(9.120526,-0.475947,2.368421)(9.013639,-0.164595,2.368421)(0.000000,1.000000,0.000000)
(9.013639,-0.164595,2.368421)(9.120526,-0.475947,2.368421)(9.013639,-0.164595,2.894737)(0.000000,1.000000,0.000000)
(9.120526,-0.475947,2.368421)(9.120526,-0.475947,2.894737)(9.013639,-0.164595,2.894737)(0.000000,1.000000,0.000000)
(9.013639,-0.164595,2.894737)(9.120526,-0.475947,2.894737)(9.013639,-0.164595,3.421053)(0.000000,1.000000,0.000000)
(9.120526,-0.475947,2.894737)(9.120526,-0.475947,3.421053)(9.013639,-0.164595,3.421053)(0.000000,1.000000,0.000000)
(9.013639,-0.164595,3.421053)(9.120526,-0.475947,3.421053)(9.013639,-0.164595,3.947368)(0.000000,1.000000,0.000000)
(9.120526,-0.475947,3.421053)(9.120526,-0.475947,3.947368)(9.013639,-0.164595,3.947368)(0.000000,1.000000,0.000000)
(9.013639,-0.164595,3.947368)(9.120526,-0.475947,3.947368)(9.013639,-0.164595,4.473684)(0.000000,1.000000,0.000000)
(9.120526,-0.475947,3.947368)(9.120526,-0.475947,4.473684)(9.013639,-0.164595,4.473684)(0.000000,1.000000,0.000000)
(9.013639,-0.164595,4.473684)(9.120526,-0.475947,4.473684)(9.013639,-0.164595,5.000000)(0.000000,1.000000,0.000000)
(9.120526,-0.475947,4.473684)(9.120526,-0.475947,5.000000)(9.013639,-0.164595,5.000000)(0.000000,1.000000,0.000000)
(9.120526,-0.475947,-5.000000)(9.322718,-0.735724,-5.000000)(9.120526,-0.475947,-4.473684)(0.000000,1.000000,0.000000)
(9.322718,-0.735724,-5.000000)(9.322718,-0.735724,-4.473684)(9.120526,-0.475947,-4.473684)(0.000000,1.000000,0.000000)
(9.120526,-0.475947,-4.473684)(9.322718,-0.735724,-4.473684)(9.120526,-0.475947,-3.947368)(0.000000,1.000000,0.000000)
(9.322718,-0.735724,-4.473684)(9.322718,-0.735724,-3.947368)(9.120526,-0.475947,-3.947368)(0.000000,1.000000,0.000000)
(9.120526,-0.475947,-3.947368)(9.322718,-0.735724,-3.947368)(9.120526,-0.475947,-3.421053)(0.000000,1.000000,0.000000)
(9.322718,-0.735724,-3.947368)(9.322718,-0.735724,-3.421053)(9.120526,-0.475947,-3.421053)(0.000000,1.000000,0.000000)
(9.120526,-0.475947,-3.421053)(9.322718,-0.735724,-3.421053)(9.120526,-0.475947,-2.894737)(0.000000,1.000000,0.000000)
(9.322718,-0.735724,-3.421053)(9.322718,-0.735724,-2.894737)(9.120526,-0.475947,-2.894737)(0.000000,1.000000,0.000000)
(9.120526,-0.475947,-2.894737)(9.322718,-0.735724,-2.894737)(9.120526,-0.475947,-2.368421)(0.000000,1.000000,0.000000)
(9.322718,-0.735724,-2.894737)(9.322718,-0.735724,-2.368421)(9.120526,-0.475947,-2.368421)(0.000000,1.000000,0.000000)
(9.120526,-0.475947,-2.368421)(9.322718,-0.735724,-2.368421)(9.120526,-0.475947,-1.842105)(0.000000,1.000000,0.000000)
(9.322718,-0.735724,-2.368421)(9.322718,-0.735724,-1.842105)(9.120526,-0.475947,-1.842105)(0.000000,1.000000,0.000000)
(9.120526,-0.475947,-1.842105)(9.322718,-0.735724,-1.842105)(9.120526,-0.475947,-1.315789)(0.000000,1.000000,0.000000)
(9.322718,-0.735724,-1.842105)(9.322718,-0.735724,-1.315789)(9.120526,-0.475947,-1.315789)(0.000000,1.000000,0.000000)
(9.120526,-0.475947,-1.315789)(9.322718,-0.735724,-1.315789)(9.120526,-0.475947,-0.789474)(0.000000,1.000000,0.000000)
(9.322718,-0.735724,-1.315789)(9.322718,-0.735724,-0.789474)(9.120526,-0.475947,-0.789474)(0.000000,1.000000,0.000000)
(9.120526,-0.475947,-0.789474)(9.322718,-0.735724,-0.789474)(9.120526,-0.475947,-0.263158)(0.000000,1.000000,0.000000)
(9.322718,-0.735724,-0.789474)(9.322718,-0.735724,-0.263158)(9.120526,-0.475947,-0.263158)(0.000000,1.000000,0.000000)
(9.120526,-0.475947,-0.263158)(9.322718,-0.735724,-0.263158)(9.120526,-0.475947,0.263158)(0.000000,1.000000,0.000000)
(9.322718,-0.735724,-0.263158)(9.322718,-0.735724,0.263158)(9.120526,-0.475947,0.263158)(0.000000,1.000000,0.000000)
(9.120526,-0.475947,0.263158)(9.322718,-0.735724,0.263158)(9.120526,-0.475947,0.789474)(0.000000,1.000000,0.000000)
(9.322718,-0.735724,0.263158)(9.322718,-0.735724,0.789474)(9.120526,-0.475947,0.789474)(0.000000,1.000000,0.000000)
(9.120526,-0.475947,0.789474)(9.322718,-0.735724,0.789474)(9.120526,-0.475947,1.315789)(0.000000,1.000000,0.000000)
(9.322718,-0.735724,0.789474)(9.322718,-0.735724,1.315789)(9.120526,-0.475947,1.315789)(0.000000,1.000000,0.000000)
(9.120526,-0.475947,1.315789)(9.322718,-0.735724,1.315789)(9.120526,-0.475947,1.842105)(0.000000,1.000000,0.000000)
(9.322718,-0.735724,1.315789)(9.322718,-0.735724,1.842105)(9.120526,-0.475947,1.842105)(0.000000,1.000000,0.000000)
(9.120526,-0.475947,1.842105)(9.322718,-0.735724,1.842105)(9.120526,-0.475947,2.368421)(0.000000,1.000000,0.000000)
(9.322718,-0.735724,1.842105)(9.322718,-0.735724,2.368421)(9.120526,-0.475947,2.368421)(0.000000,1.000000,0.000000)
(9.120526,-0.475947,2.368421)(9.322718,-0.735724,2.368421)(9.120526,-0.475947,2.894737)(0.000000,1.000000,0.000000)
(9.322718,-0.735724,2.368421)(9.322718,-0.735724,2.894737)(9.120526,-0.475947,2.894737)(0.000000,1.000000,0.000000)
(9.120526,-0.475947,2.894737)(9.322718,-0.735724,2.894737)(9.120526,-0.475947,3.421053)(0.000000,1.000000,0.000000)
(9.322718,-0.735724,2.894737)(9.322718,-0.735724,3.421053)(9.120526,-0.475947,3.421053)(0.000000,1.000000,0.000000)
(9.120526,-0.475947,3.421053)(9.322718,-0.735724,3.421053)(9.120526,-0.475947,3.947368)(0.000000,1.000000,0.000000)
(9.322718,-0.735724,3.421053)(9.322718,-0.735724,3.947368)(9.120526,-0.475947,3.947368)(0.000000,1.000000,0.000000)
(9.120526,-0.475947,3.947368)(9.322718,-0.735724,3.947368)(9.120526,-0.475947,4.473684)(0.000000,1.000000,0.000000)
(9.322718,-0.735724,3.947368)(9.322718,-0.735724,4.473684)(9.120526,-0.475947,4.473684)(0.000000,1.000000,0.000000)
(9.120526,-0.475947,4.473684)(9.322718,-0.735724,4.473684)(9.120526,-0.475947,5.000000)(0.000000,1.000000,0.000000)
(9.322718,-0.735724,4.473684)(9.322718,-0.735724,5.000000)(9.120526,-0.475947,5.000000)(0.000000,1.000000,0.000000)
(9.322718,-0.735724,-5.000000)(9.598305,-0.915773,-5.000000)(9.322718,-0.735724,-4.473684)(0.000000,1.000000,0.000000)
(9.598305,-0.915773,-5.000000)(9.598305,-0.915773,-4.473684)(9.322718,-0.735724,-4.473684)(0.000000,1.000000,0.000000)
(9.322718,-0.735724,-4.473684)(9.598305,-0.915773,-4.473684)(9.322718,-0.735724,-3.947368)(0.000000,1.000000,0.000000)
(9.598305,-0.915773,-4.473684)(9.598305,-0.915773,-3.947368)(9.322718,-0.735724,-3.947368)(0.000000,1.000000,0.000000)
(9.322718,-0.735724,-3.947368)(9.598305,-0.915773,-3.947368)(9.322718,-0.735724,-3.421053)(0.000000,1.000000,0.000000)
(9.598305,-0.915773,-3.947368)(9.598305,-0.915773,-3.421053)(9.322718,-0.735724,-3.421053)(0.000000,1.000000,0.000000)
(9.322718,-0.735724,-3.421053)(9.598305,-0.915773,-3.421053)(9.322718,-0.735724,-2.894737)(0.000000,1.000000,0.000000)
(9.598305,-0.915773,-3.421053)(9.598305,-0.915773,-2.894737)(9.322718,-0.735724,-2.894737)(0.000000,1.000000,0.000000)
(9.322718,-0.735724,-2.894737)(9.598305,-0.915773,-2.894737)(9.322718,-0.735724,-2.368421)(0.000000,1.000000,0.000000)
(9.598305,-0.915773,-2.894737)(9.598305,-0.915773,-2.368421)(9.322718,-0.735724,-2.368421)(0.000000,1.000000,0.000000)
(9.322718,-0.735724,-2.368421)(9.598305,-0.915773,-2.368421)(9.322718,-0.735724,-1.842105)(0.000000,1.000000,0.000000)
(9.598305,-0.915773,-2.368421)(9.598305,-0.915773,-1.842105)(9.322718,-0.735724,-1.842105)(0.000000,1.000000,0.000000)
(9.322718,-0.735724,-1.842105)(9.598305,-0.915773,-1.842105)(9.322718,-0.735724,-1.315789)(0.000000,1.000000,0.000000)
(9.598305,-0.915773,-1.842105)(9.598305,-0.915773,-1.315789)(9.322718,-0.735724,-1.315789)(0.000000,1.000000,0.000000)
(9.322718,-0.735724,-1.315789)(9.598305,-0.915773,-1.315789)(9.322718,-0.735724,-0.789474)(0.000000,1.000000,0.000000)
(9.598305,-0.915773,-1.315789)(9.598305,-0.915773,-0.789474)(9.322718,-0.735724,-0.789474)(0.000000,1.000000,0.000000)
(9.322718,-0.735724,-0.789474)(9.598305,-0.915773,-0.789474)(9.322718,-0.735724,-0.263158)(0.000000,1.000000,0.000000)
(9.598305,-0.915773,-0.789474)(9.598305,-0.915773,-0.263158)(9.322718,-0.735724,-0.263158)(0.000000,1.000000,0.000000)
(9.322718,-0.735724,-0.263158)(9.598305,-0.915773,-0.263158)(9.322718,-0.735724,0.263158)(0.000000,1.000000,0.000000)
(9.598305,-0.915773,-0.263158)(9.598305,-0.915773,0.263158)(9.322718,-0.735724,0.263158)(0.000000,1.000000,0.000000)
(9.322718,-0.735724,0.263158)(9.598305,-0.915773,0.263158)(9.322718,-0.735724,0.789474)(0.000000,1.000000,0.000000)
(9.598305,-0.915773,0.263158)(9.598305,-0.915773,0.789474)(9.322718,-0.735724,0.789474)(0.000000,1.000000,0.000000)
(9.322718,-0.735724,0.789474)(9.598305,-0.915773,0.789474)(9.322718,-0.735724,1.315789)(0.000000,1.000000,0.000000)
(9.598305,-0.915773,0.789474)(9.598305,-0.915773,1.315789)(9.322718,-0.735724,1.315789)(0.000000,1.000000,0.000000)
(9.322718,-0.735724,1.315789)(9.598305,-0.915773,1.315789)(9.322718,-0.735724,1.842105)(0.000000,1.000000,0.000000)
(9.598305,-0.915773,1.315789)(9.598305,-0.915773,1.842105)(9.322718,-0.735724,1.842105)(0.000000,1.000000,0.000000)
(9.322718,-0.735724,1.842105)(9.598305,-0.915773,1.842105)(9.322718,-0.735724,2.368421)(0.000000,1.000000,0.000000)
(9.598305,-0.915773,1.842105)(9.598305,-0.915773,2.368421)(9.322718,-0.735724,2.368421)(0.000000,1.000000,0.000000)
(9.322718,-0.735724,2.368421)(9.598305,-0.915773,2.368421)(9.322718,-0.735724,2.894737)(0.000000,1.000000,0.000000)
(9.598305,-0.915773,2.368421)(9.598305,-0.915773,2.894737)(9.322718,-0.735724,2.894737)(0.000000,1.000000,0.000000)
(9.322718,-0.735724,2.894737)(9.598305,-0.915773,2.894737)(9.322718,-0.735724,3.421053)(0.000000,1.000000,0.000000)
(9.598305,-0.915773,2.894737)(9.598305,-0.915773,3.421053)(9.322718,-0.735724,3.421053)(0.000000,1.000000,0.000000)
(9.322718,-0.735724,3.421053)(9.598305,-0.915773,3.421053)(9.322718,-0.735724,3.947368)(0.000000,1.000000,0.000000)
(9.598305,-0.915773,3.421053)(9.598305,-0.915773,3.947368)(9.322718,-0.735724,3.947368)(0.000000,1.000000,0.000000)
(9.322718,-0.735724,3.947368)(9.598305,-0.915773,3.947368)(9.322718,-0.735724,4.473684)(0.000000,1.000000,0.000000)
(9.598305,-0.915773,3.947368)(9.598305,-0.915773,4.473684)(9.322718,-0.735724,4.473684)(0.000000,1.000000,0.000000)
(9.322718,-0.735724,4.473684)(9.598305,-0.915773,4.473684)(9.322718,-0.735724,5.000000)(0.000000,1.000000,0.000000)
(9.598305,-0.915773,4.473684)(9.598305,-0.915773,5.000000)(9.322718,-0.735724,5.000000)(0.000000,1.000000,0.000000)
(9.598305,-0.915773,-5.000000)(9.917421,-0.996584,-5.000000)(9.598305,-0.915773,-4.473684)(0.000000,1.000000,0.000000)
(9.917421,-0.996584,-5.000000)(9.917421,-0.996584,-4.473684)(9.598305,-0.915773,-4.473684)(0.000000,1.000000,0.000000)
(9.598305,-0.915773,-4.473684)(9.917421,-0.996584,-4.473684)(9.598305,-0.915773,-3.947368)(0.000000,1.000000,0.000000)
(9.917421,-0.996584,-4.473684)(9.917421,-0.996584,-3.947368)(9.598305,-0.915773,-3.947368)(0.000000,1.000000,0.000000)
(9.598305,-0.915773,-3.947368)(9.917421,-0.996584,-3.947368)(9.598305,-0.915773,-3.421053)(0.000000,1.000000,0.000000)
(9.917421,-0.996584,-3.947368)(9.917421,-0.996584,-3.421053)(9.598305,-0.915773,-3.421053)(0.000000,1.000000,0.000000)
(9.598305,-0.915773,-3.421053)(9.917421,-0.996584,-3.421053)(9.598305,-0.915773,-2.894737)(0.000000,1.000000,0.000000)
(9.917421,-0.996584,-3.421053)(9.917421,-0.996584,-2.894737)(9.598305,-0.915773,-2.894737)(0.000000,1.000000,0.000000)
(9.598305,-0.915773,-2.894737)(9.917421,-0.996584,-2.894737)(9.598305,-0.915773,-2.368421)(0.000000,1.000000,0.000000)
(9.917421,-0.996584,-2.894737)(9.917421,-0.996584,-2.368421)(9.598305,-0.915773,-2.368421)(0.000000,1.000000,0.000000)
(9.598305,-0.915773,-2.368421)(9.917421,-0.996584,-2.368421)(9.598305,-0.915773,-1.842105)(0.000000,1.000000,0.000000)
(9.917421,-0.996584,-2.368421)(9.917421,-0.996584,-1.842105)(9.598305,-0.915773,-1.842105)(0.000000,1.000000,0.000000)
(9.598305,-0.915773,-1.842105)(9.917421,-0.996584,-1.842105)(9.598305,-0.915773,-1.315789)(0.000000,1.000000,0.000000)
(9.917421,-0.996584,-1.842105)(9.917421,-0.996584,-1.315789)(9.598305,-0.915773,-1.315789)(0.000000,1.000000,0.000000)
(9.598305,-0.915773,-1.315789)(9.917421,-0.996584,-1.315789)(9.598305,-0.915773,-0.789474)(0.000000,1.000000,0.000000)
(9.917421,-0.996584,-1.315789)(9.917421,-0.996584,-0.789474)(9.598305,-0.915773,-0.789474)(0.000000,1.000000,0.000000)
(9.598305,-0.915773,-0.789474)(9.917421,-0.996584,-0.789474)(9.598305,-0.915773,-0.263158)(0.000000,1.000000,0.000000)
(9.917421,-0.996584,-0.789474)(9.917421,-0.996584,-0.263158)(9.598305,-0.915773,-0.263158)(0.000000,1.000000,0.000000)
(9.598305,-0.915773,-0.263158)(9.917421,-0.996584,-0.263158)(9.598305,-0.915773,0.263158)(0.000000,1.000000,0.000000)
(9.917421,-0.996584,-0.263158)(9.917421,-0.996584,0.263158)(9.598305,-0.915773,0.263158)(0.000000,1.000000,0.000000)
(9.598305,-0.915773,0.263158)(9.917421,-0.996584,0.263158)(9.598305,-0.915773,0.789474)(0.000000,1.000000,0.000000)
(9.917421,-0.996584,0.263158)(9.917421,-0.996584,0.789474)(9.598305,-0.915773,0.789474)(0.000000,1.000000,0.000000)
(9.598305,-0.915773,0.789474)(9.917421,-0.996584,0.789474)(9.598305,-0.915773,1.315789)(0.000000,1.000000,0.000000)
(9.917421,-0.996584,0.789474)(9.917421,-0.996584,1.315789)(9.598305,-0.915773,1.315789)(0.000000,1.000000,0.000000)
(9.598305,-0.915773,1.315789)(9.917421,-0.996584,1.315789)(9.598305,-0.915773,1.842105)(0.000000,1.000000,0.000000)
(9.917421,-0.996584,1.315789)(9.917421,-0.996584,1.842105)(9.598305,-0.915773,1.842105)(0.000000,1.000000,0.000000)
(9.598305,-0.915773,1.842105)(9.917421,-0.996584,1.842105)(9.598305,-0.915773,2.368421)(0.000000,1.000000,0.000000)
(9.917421,-0.996584,1.842105)(9.917421,-0.996584,2.368421)(9.598305,-0.915773,2.368421)(0.000000,1.000000,0.000000)
(9.598305,-0.915773,2.368421)(9.917421,-0.996584,2.368421)(9.598305,-0.915773,2.894737)(0.000000,1.000000,0.000000)
(9.917421,-0.996584,2.368421)(9.917421,-0.996584,2.894737)(9.598305,-0.915773,2.894737)(0.000000,1.000000,0.000000)
(9.598305,-0.915773,2.894737)(9.917421,-0.996584,2.894737)(9.598305,-0.915773,3.421053)(0.000000,1.000000,0.000000)
(9.917421,-0.996584,2.894737)(9.917421,-0.996584,3.421053)(9.598305,-0.915773,3.421053)(0.000000,1.000000,0.000000)
(9.598305,-0.915773,3.421053)(9.917421,-0.996584,3.421053)(9.598305,-0.915773,3.947368)(0.000000,1.000000,0.000000)
(9.917421,-0.996584,3.421053)(9.917421,-0.996584,3.947368)(9.598305,-0.915773,3.947368)(0.000000,1.000000,0.000000)
(9.598305,-0.915773,3.947368)(9.917421,-0.996584,3.947368)(9.598305,-0.915773,4.473684)(0.000000,1.000000,0.000000)
(9.917421,-0.996584,3.947368)(9.917421,-0.996584,4.473684)(9.598305,-0.915773,4.473684)(0.000000,1.000000,0.000000)
(9.598305,-0.915773,4.473684)(9.917421,-0.996584,4.473684)(9.598305,-0.915773,5.000000)(0.000000,1.000000,0.000000)
(9.917421,-0.996584,4.473684)(9.917421,-0.996584,5.000000)(9.598305,-0.915773,5.000000)(0.000000,1.000000,0.000000)
(9.917421,-0.996584,-5.000000)(10.245485,-0.969400,-5.000000)(9.917421,-0.996584,-4.473684)(0.000000,1.000000,0.000000)
(10.245485,-0.969400,-5.000000)(10.245485,-0.969400,-4.473684)(9.917421,-0.996584,-4.473684)(0.000000,1.000000,0.000000)
(9.917421,-0.996584,-4.473684)(10.245485,-0.969400,-4.473684)(9.917421,-0.996584,-3.947368)(0.000000,1.000000,0.000000)
(10.245485,-0.969400,-4.473684)(10.245485,-0.969400,-3.947368)(9.917421,-0.996584,-3.947368)(0.000000,1.000000,0.000000)
(9.917421,-0.996584,-3.947368)(10.245485,-0.969400,-3.947368)(9.917421,-0.996584,-3.421053)(0.000000,1.000000,0.000000)
(10.245485,-0.969400,-3.947368)(10.245485,-0.969400,-3.421053)(9.917421,-0.996584,-3.421053)(0.000000,1.000000,0.000000)
(9.917421,-0.996584,-3.421053)(10.245485,-0.969400,-3.421053)(9.917421,-0.996584,-2.894737)(0.000000,1.000000,0.000000)
(10.245485,-0.969400,-3.421053)(10.245485,-0.969400,-2.894737)(9.917421,-0.996584,-2.894737)(0.000000,1.000000,0.000000)
(9.917421,-0.996584,-2.894737)(10.245485,-0.969400,-2.894737)(9.917421,-0.996584,-2.368421)(0.000000,1.000000,0.000000)
(10.245485,-0.969400,-2.894737)(10.245485,-0.969400,-2.368421)(9.917421,-0.996584,-2.368421)(0.000000,1.000000,0.000000)
(9.917421,-0.996584,-2.368421)(10.245485,-0.969400,-2.368421)(9.917421,-0.996584,-1.842105)(0.000000,1.000000,0.000000)
(10.245485,-0.969400,-2.368421)(10.245485,-0.969400,-1.842105)(9.917421,-0.996584,-1.842105)(0.000000,1.000000,0.000000)
(9.917421,-0.996584,-1.842105)(10.245485,-0.969400,-1.842105)(9.917421,-0.996584,-1.315789)(0.000000,1.000000,0.000000)
(10.245485,-0.969400,-1.842105)(10.245485,-0.969400,-1.315789)(9.917421,-0.996584,-1.315789)(0.000000,1.000000,0.000000)
(9.917421,-0.996584,-1.315789)(10.245485,-0.969400,-1.315789)(9.917421,-0.996584,-0.789474)(0.000000,1.000000,0.000000)
(10.245485,-0.969400,-1.315789)(10.245485,-0.969400,-0.789474)(9.917421,-0.996584,-0.789474)(0.000000,1.000000,0.000000)
(9.917421,-0.996584,-0.789474)(10.245485,-0.969400,-0.789474)(9.917421,-0.996584,-0.263158)(0.000000,1.000000,0.000000)
(10.245485,-0.969400,-0.789474)(10.245485,-0.969400,-0.263158)(9.917421,-0.996584,-0.263158)(0.000000,1.000000,0.000000)
(9.917421,-0.996584,-0.263158)(10.245485,-0.969400,-0.263158)(9.917421,-0.996584,0.263158)(0.000000,1.000000,0.000000)
(10.245485,-0.969400,-0.263158)(10.245485,-0.969400,0.263158)(9.917421,-0.996584,0.263158)(0.000000,1.000000,0.000000)
(9.917421,-0.996584,0.263158)(10.245485,-0.969400,0.263158)(9.917421,-0.996584,0.789474)(0.000000,1.000000,0.000000)
(10.245485,-0.969400,0.263158)(10.245485,-0.969400,0.789474)(9.917421,-0.996584,0.789474)(0.000000,1.000000,0.000000)
(9.917421,-0.996584,0.789474)(10.245485,-0.969400,0.789474)(9.917421,-0.996584,1.315789)(0.000000,1.000000,0.000000)
(10.245485,-0.969400,0.789474)(10.245485,-0.969400,1.315789)(9.917421,-0.996584,1.315789)(0.000000,1.000000,0.000000)
(9.917421,-0.996584,1.315789)(10.245485,-0.969400,1.315789)(9.917421,-0.996584,1.842105)(0.000000,1.000000,0.000000)
(10.245485,-0.969400,1.315789)(10.245485,-0.969400,1.842105)(9.917421,-0.996584,1.842105)(0.000000,1.000000,0.000000)
(9.917421,-0.996584,1.842105)(10.245485,-0.969400,1.842105)(9.917421,-0.996584,2.368421)(0.000000,1.000000,0.000000)
(10.245485,-0.969400,1.842105)(10.245485,-0.969400,2.368421)(9.917421,-0.996584,2.368421)(0.000000,1.000000,0.000000)
(9.917421,-0.996584,2.368421)(10.245485,-0.969400,2.368421)(9.917421,-0.996584,2.894737)(0.000000,1.000000,0.000000)
(10.245485,-0.969400,2.368421)(10.245485,-0.969400,2.894737)(9.917421,-0.996584,2.894737)(0.000000,1.000000,0.000000)
(9.917421,-0.996584,2.894737)(10.245485,-0.969400,2.894737)(9.917421,-0.996584,3.421053)(0.000000,1.000000,0.000000)
(10.245485,-0.969400,2.894737)(10.245485,-0.969400,3.421053)(9.917421,-0.996584,3.421053)(0.000000,1.000000,0.000000)
(9.917421,-0.996584,3.421053)(10.245485,-0.969400,3.421053)(9.917421,-0.996584,3.947368)(0.000000,1.000000,0.000000)
(10.245485,-0.969400,3.421053)(10.245485,-0.969400,3.947368)(9.917421,-0.996584,3.947368)(0.000000,1.000000,0.000000)
(9.917421,-0.996584,3.947368)(10.245485,-0.969400,3.947368)(9.917421,-0.996584,4.473684)(0.000000,1.000000,0.000000)
(10.245485,-0.969400,3.947368)(10.245485,-0.969400,4.473684)(9.917421,-0.996584,4.473684)(0.000000,1.000000,0.000000)
(9.917421,-0.996584,4.473684)(10.245485,-0.969400,4.473684)(9.917421,-0.996584,5.000000)(0.000000,1.000000,0.000000)
(10.245485,-0.969400,4.473684)(10.245485,-0.969400,5.000000)(9.917421,-0.996584,5.000000)(0.000000,1.000000,0.000000)
(10.245485,-0.969400,-5.000000)(10.546948,-0.837166,-5.000000)(10.245485,-0.969400,-4.473684)(0.000000,1.000000,0.000000)
(10.546948,-0.837166,-5.000000)(10.546948,-0.837166,-4.473684)(10.245485,-0.969400,-4.473684)(0.000000,1.000000,0.000000)
(10.245485,-0.969400,-4.473684)(10.546948,-0.837166,-4.473684)(10.245485,-0.969400,-3.947368)(0.000000,1.000000,0.000000)
(10.546948,-0.837166,-4.473684)(10.546948,-0.837166,-3.947368)(10.245485,-0.969400,-3.947368)(0.000000,1.000000,0.000000)
(10.245485,-0.969400,-3.947368)(10.546948,-0.837166,-3.947368)(10.245485,-0.969400,-3.421053)(0.000000,1.000000,0.000000)
(10.546948,-0.837166,-3.947368)(10.546948,-0.837166,-3.421053)(10.245485,-0.969400,-3.421053)(0.000000,1.000000,0.000000)
(10.245485,-0.969400,-3.421053)(10.546948,-0.837166,-3.421053)(10.245485,-0.969400,-2.894737)(0.000000,1.000000,0.000000)
(10.546948,-0.837166,-3.421053)(10.546948,-0.837166,-2.894737)(10.245485,-0.969400,-2.894737)(0.000000,1.000000,0.000000)
(10.245485,-0.969400,-2.894737)(10.546948,-0.837166,-2.894737)(10.245485,-0.969400,-2.368421)(0.000000,1.000000,0.000000)
(10.546948,-0.837166,-2.894737)(10.546948,-0.837166,-2.368421)(10.245485,-0.969400,-2.368421)(0.000000,1.000000,0.000000)
(10.245485,-0.969400,-2.368421)(10.546948,-0.837166,-2.368421)(10.245485,-0.969400,-1.842105)(0.000000,1.000000,0.000000)
(10.546948,-0.837166,-2.368421)(10.546948,-0.837166,-1.842105)(10.245485,-0.969400,-1.842105)(0.000000,1.000000,0.000000)
(10.245485,-0.969400,-1.842105)(10.546948,-0.837166,-1.842105)(10.245485,-0.969400,-1.315789)(0.000000,1.000000,0.000000)
(10.546948,-0.837166,-1.842105)(10.546948,-0.837166,-1.315789)(10.245485,-0.969400,-1.315789)(0.000000,1.000000,0.000000)
(10.245485,-0.969400,-1.315789)(10.546948,-0.837166,-1.315789)(10.245485,-0.969400,-0.789474)(0.000000,1.000000,0.000000)
(10.546948,-0.837166,-1.315789)(10.546948,-0.837166,-0.789474)(10.245485,-0.969400,-0.789474)(0.000000,1.000000,0.000000)
(10.245485,-0.969400,-0.789474)(10.546948,-0.837166,-0.789474)(10.245485,-0.969400,-0.263158)(0.000000,1.000000,0.000000)
(10.546948,-0.837166,-0.789474)(10.546948,-0.837166,-0.263158)(10.245485,-0.969400,-0.263158)(0.000000,1.000000,0.000000)
(10.245485,-0.969400,-0.263158)(10.546948,-0.837166,-0.263158)(10.245485,-0.969400,0.263158)(0.000000,1.000000,0.000000)
(10.546948,-0.837166,-0.263158)(10.546948,-0.837166,0.263158)(10.245485,-0.969400,0.263158)(0.000000,1.000000,0.000000)
(10.245485,-0.969400,0.263158)(10.546948,-0.837166,0.263158)(10.245485,-0.969400,0.789474)(0.000000,1.000000,0.000000)
(10.546948,-0.837166,0.263158)(10.546948,-0.837166,0.789474)(10.245485,-0.969400,0.789474)(0.000000,1.000000,0.000000)
(10.245485,-0.969400,0.789474)(10.546948,-0.837166,0.789474)(10.245485,-0.969400,1.315789)(0.000000,1.000000,0.000000)
(10.546948,-0.837166,0.789474)(10.546948,-0.837166,1.315789)(10.245485,-0.969400,1.315789)(0.000000,1.000000,0.000000)
(10.245485,-0.969400,1.315789)(10.546948,-0.837166,1.315789)(10.245485,-0.969400,1.842105)(0.000000,1.000000,0.000000)
(10.546948,-0.837166,1.315789)(10.546948,-0.837166,1.842105)(10.245485,-0.969400,1.842105)(0.000000,1.000000,0.000000)
(10.245485,-0.969400,1.842105)(10.546948,-0.837166,1.842105)(10.245485,-0.969400,2.368421)(0.000000,1.000000,0.000000)
(10.546948,-0.837166,1.842105)(10.546948,-0.837166,2.368421)(10.245485,-0.969400,2.368421)(0.000000,1.000000,0.000000)
(10.245485,-0.969400,2.368421)(10.546948,-0.837166,2.368421)(10.245485,-0.969400,2.894737)(0.000000,1.000000,0.000000)
(10.546948,-0.837166,2.368421)(10.546948,-0.837166,2.894737)(10.245485,-0.969400,2.894737)(0.000000,1.000000,0.000000)
(10.245485,-0.969400,2.894737)(10.546948,-0.837166,2.894737)(10.245485,-0.969400,3.421053)(0.000000,1.000000,0.000000)
(10.546948,-0.837166,2.894737)(10.546948,-0.837166,3.421053)(10.245485,-0.969400,3.421053)(0.000000,1.000000,0.000000)
(10.245485,-0.969400,3.421053)(10.546948,-0.837166,3.421053)(10.245485,-0.969400,3.947368)(0.000000,1.000000,0.000000)
(10.546948,-0.837166,3.421053)(10.546948,-0.837166,3.947368)(10.245485,-0.969400,3.947368)(0.000000,1.000000,0.000000)
(10.245485,-0.969400,3.947368)(10.546948,-0.837166,3.947368)(10.245485,-0.969400,4.473684)(0.000000,1.000000,0.000000)
(10.546948,-0.837166,3.947368)(10.546948,-0.837166,4.473684)(10.245485,-0.969400,4.473684)(0.000000,1.000000,0.000000)
(10.245485,-0.969400,4.473684)(10.546948,-0.837166,4.473684)(10.245485,-0.969400,5.000000)(0.000000,1.000000,0.000000)
(10.546948,-0.837166,4.473684)(10.546948,-0.837166,5.000000)(10.245485,-0.969400,5.000000)(0.000000,1.000000,0.000000)
(10.546948,-0.837166,-5.000000)(10.789141,-0.614213,-5.000000)(10.546948,-0.837166,-4.473684)(0.000000,1.000000,0.000000)
(10.789141,-0.614213,-5.000000)(10.789141,-0.614213,-4.473684)(10.546948,-0.837166,-4.473684)(0.000000,1.000000,0.000000)
(10.546948,-0.837166,-4.473684)(10.789141,-0.614213,-4.473684)(10.546948,-0.837166,-3.947368)(0.000000,1.000000,0.000000)
(10.789141,-0.614213,-4.473684)(10.789141,-0.614213,-3.947368)(10.546948,-0.837166,-3.947368)(0.000000,1.000000,0.000000)
(10.546948,-0.837166,-3.947368)(10.789141,-0.614213,-3.947368)(10.546948,-0.837166,-3.421053)(0.000000,1.000000,0.000000)
(10.789141,-0.614213,-3.947368)(10.789141,-0.614213,-3.421053)(10.546948,-0.837166,-3.421053)(0.000000,1.000000,0.000000)
(10.546948,-0.837166,-3.421053)(10.789141,-0.614213,-3.421053)(10.546948,-0.837166,-2.894737)(0.000000,1.000000,0.000000)
(10.789141,-0.614213,-3.421053)(10.789141,-0.614213,-2.894737)(10.546948,-0.837166,-2.894737)(0.000000,1.000000,0.000000)
(10.546948,-0.837166,-2.894737)(10.789141,-0.614213,-2.894737)(10.546948,-0.837166,-2.368421)(0.000000,1.000000,0.000000)
(10.789141,-0.614213,-2.894737)(10.789141,-0.614213,-2.368421)(10.546948,-0.837166,-2.368421)(0.000000,1.000000,0.000000)
(10.546948,-0.837166,-2.368421)(10.789141,-0.614213,-2.368421)(10.546948,-0.837166,-1.842105)(0.000000,1.000000,0.000000)
(10.789141,-0.614213,-2.368421)(10.789141,-0.614213,-1.842105)(10.546948,-0.837166,-1.842105)(0.000000,1.000000,0.000000)
(10.546948,-0.837166,-1.842105)(10.789141,-0.614213,-1.842105)(10.546948,-0.837166,-1.315789)(0.000000,1.000000,0.000000)
(10.789141,-0.614213,-1.842105)(10.789141,-0.614213,-1.315789)(10.546948,-0.837166,-1.315789)(0.000000,1.000000,0.000000)
(10.546948,-0.837166,-1.315789)(10.789141,-0.614213,-1.315789)(10.546948,-0.837166,-0.789474)(0.000000,1.000000,0.000000)
(10.789141,-0.614213,-1.315789)(10.789141,-0.614213,-0.789474)(10.546948,-0.837166,-0.789474)(0.000000,1.000000,0.000000)
(10.546948,-0.837166,-0.789474)(10.789141,-0.614213,-0.789474)(10.546948,-0.837166,-0.263158)(0.000000,1.000000,0.000000)
(10.789141,-0.614213,-0.789474)(10.789141,-0.614213,-0.263158)(10.546948,-0.837166,-0.263158)(0.000000,1.000000,0.000000)
(10.546948,-0.837166,-0.263158)(10.789141,-0.614213,-0.263158)(10.546948,-0.837166,0.263158)(0.000000,1.000000,0.000000)
(10.789141,-0.614213,-0.263158)(10.789141,-0.614213,0.263158)(10.546948,-0.837166,0.263158)(0.000000,1.000000,0.000000)
(10.546948,-0.837166,0.263158)(10.789141,-0.614213,0.263158)(10.546948,-0.837166,0.789474)(0.000000,1.000000,0.000000)
(10.789141,-0.614213,0.263158)(10.789141,-0.614213,0.789474)(10.546948,-0.837166,0.789474)(0.000000,1.000000,0.000000)
(10.546948,-0.837166,0.789474)(10.789141,-0.614213,0.789474)(10.546948,-0.837166,1.315789)(0.000000,1.000000,0.000000)
(10.789141,-0.614213,0.789474)(10.789141,-0.614213,1.315789)(10.546948,-0.837166,1.315789)(0.000000,1.000000,0.000000)
(10.546948,-0.837166,1.315789)(10.789141,-0.614213,1.315789)(10.546948,-0.837166,1.842105)(0.000000,1.000000,0.000000)
(10.789141,-0.614213,1.315789)(10.789141,-0.614213,1.842105)(10.546948,-0.837166,1.842105)(0.000000,1.000000,0.000000)
(10.546948,-0.837166,1.842105)(10.789141,-0.614213,1.842105)(10.546948,-0.837166,2.368421)(0.000000,1.000000,0.000000)
(10.789141,-0.614213,1.842105)(10.789141,-0.614213,2.368421)(10.546948,-0.837166,2.368421)(0.000000,1.000000,0.000000)
(10.546948,-0.837166,2.368421)(10.789141,-0.614213,2.368421)(10.546948,-0.837166,2.894737)(0.000000,1.000000,0.000000)
(10.789141,-0.614213,2.368421)(10.789141,-0.614213,2.894737)(10.546948,-0.837166,2.894737)(0.000000,1.000000,0.000000)
(10.546948,-0.837166,2.894737)(10.789141,-0.614213,2.894737)(10.546948,-0.837166,3.421053)(0.000000,1.000000,0.000000)
(10.789141,-0.614213,2.894737)(10.789141,-0.614213,3.421053)(10.546948,-0.837166,3.421053)(0.000000,1.000000,0.000000)
(10.546948,-0.837166,3.421053)(10.789141,-0.614213,3.421053)(10.546948,-0.837166,3.947368)(0.000000,1.000000,0.000000)
(10.789141,-0.614213,3.421053)(10.789141,-0.614213,3.947368)(10.546948,-0.837166,3.947368)(0.000000,1.000000,0.000000)
(10.546948,-0.837166,3.947368)(10.789141,-0.614213,3.947368)(10.546948,-0.837166,4.473684)(0.000000,1.000000,0.000000)
(10.789141,-0.614213,3.947368)(10.789141,-0.614213,4.473684)(10.546948,-0.837166,4.473684)(0.000000,1.000000,0.000000)
(10.546948,-0.837166,4.473684)(10.789141,-0.614213,4.473684)(10.546948,-0.837166,5.000000)(0.000000,1.000000,0.000000)
(10.789141,-0.614213,4.473684)(10.789141,-0.614213,5.000000)(10.546948,-0.837166,5.000000)(0.000000,1.000000,0.000000)
(10.789141,-0.614213,-5.000000)(10.945817,-0.324699,-5.000000)(10.789141,-0.614213,-4.473684)(0.000000,1.000000,0.000000)
(10.945817,-0.324699,-5.000000)(10.945817,-0.324699,-4.473684)(10.789141,-0.614213,-4.473684)(0.000000,1.000000,0.000000)
(10.789141,-0.614213,-4.473684)(10.945817,-0.324699,-4.473684)(10.789141,-0.614213,-3.947368)(0.000000,1.000000,0.000000)
(10.945817,-0.324699,-4.473684)(10.945817,-0.324699,-3.947368)(10.789141,-0.614213,-3.947368)(0.000000,1.000000,0.000000)
(10.789141,-0.614213,-3.947368)(10.945817,-0.324699,-3.947368)(10.789141,-0.614213,-3.421053)(0.000000,1.000000,0.000000)
(10.945817,-0.324699,-3.947368)(10.945817,-0.324699,-3.421053)(10.789141,-0.614213,-3.421053)(0.000000,1.000000,0.000000)
(10.789141,-0.614213,-3.421053)(10.945817,-0.324699,-3.421053)(10.789141,-0.614213,-2.894737)(0.000000,1.000000,0.000000)
(10.945817,-0.324699,-3.421053)(10.945817,-0.324699,-2.894737)(10.789141,-0.614213,-2.894737)(0.000000,1.000000,0.000000)
(10.789141,-0.614213,-2.894737)(10.945817,-0.324699,-2.894737)(10.789141,-0.614213,-2.368421)(0.000000,1.000000,0.000000)
(10.945817,-0.324699,-2.894737)(10.945817,-0.324699,-2.368421)(10.789141,-0.614213,-2.368421)(0.000000,1.000000,0.000000)
(10.789141,-0.614213,-2.368421)(10.945817,-0.324699,-2.368421)(10.789141,-0.614213,-1.842105)(0.000000,1.000000,0.000000)
(10.945817,-0.324699,-2.368421)(10.945817,-0.324699,-1.842105)(10.789141,-0.614213,-1.842105)(0.000000,1.000000,0.000000)
(10.789141,-0.614213,-1.842105)(10.945817,-0.324699,-1.842105)(10.789141,-0.614213,-1.315789)(0.000000,1.000000,0.000000)
(10.945817,-0.324699,-1.842105)(10.945817,-0.324699,-1.315789)(10.789141,-0.614213,-1.315789)(0.000000,1.000000,0.000000)
(10.789141,-0.614213,-1.315789)(10.945817,-0.324699,-1.315789)(10.789141,-0.614213,-0.789474)(0.000000,1.000000,0.000000)
(10.945817,-0.324699,-1.315789)(10.945817,-0.324699,-0.789474)(10.789141,-0.614213,-0.789474)(0.000000,1.000000,0.000000)
(10.789141,-0.614213,-0.789474)(10.945817,-0.324699,-0.789474)(10.789141,-0.614213,-0.263158)(0.000000,1.000000,0.000000)
(10.945817,-0.324699,-0.789474)(10.945817,-0.324699,-0.263158)(10.789141,-0.614213,-0.263158)(0.000000,1.000000,0.000000)
(10.789141,-0.614213,-0.263158)(10.945817,-0.324699,-0.263158)(10.789141,-0.614213,0.263158)(0.000000,1.000000,0.000000)
(10.945817,-0.324699,-0.263158)(10.945817,-0.324699,0.263158)(10.789141,-0.614213,0.263158)(0.000000,1.000000,0.000000)
(10.789141,-0.614213,0.263158)(10.945817,-0.324699,0.263158)(10.789141,-0.614213,0.789474)(0.000000,1.000000,0.000000)
(10.945817,-0.324699,0.263158)(10.945817,-0.324699,0.789474)(10.789141,-0.614213,0.789474)(0.000000,1.000000,0.000000)
(10.789141,-0.614213,0.789474)(10.945817,-0.324699,0.789474)(10.789141,-0.614213,1.315789)(0.000000,1.000000,0.000000)
(10.945817,-0.324699,0.789474)(10.945817,-0.324699,1.315789)(10.789141,-0.614213,1.315789)(0.000000,1.000000,0.000000)
(10.789141,-0.614213,1.315789)(10.945817,-0.324699,1.315789)(10.789141,-0.614213,1.842105)(0.000000,1.000000,0.000000)
(10.945817,-0.324699,1.315789)(10.945817,-0.324699,1.842105)(10.789141,-0.614213,1.842105)(0.000000,1.000000,0.000000)
(10.789141,-0.614213,1.842105)(10.945817,-0.324699,1.842105)(10.789141,-0.614213,2.368421)(0.000000,1.000000,0.000000)
(10.945817,-0.324699,1.842105)(10.945817,-0.324699,2.368421)(10.789141,-0.614213,2.368421)(0.000000,1.000000,0.000000)
(10.789141,-0.614213,2.368421)(10.945817,-0.324699,2.368421)(10.789141,-0.614213,2.894737)(0.000000,1.000000,0.000000)
(10.945817,-0.324699,2.368421)(10.945817,-0.324699,2.894737)(10.789141,-0.614213,2.894737)(0.000000,1.000000,0.000000)
(10.789141,-0.614213,2.894737)(10.945817,-0.324699,2.894737)(10.789141,-0.614213,3.421053)(0.000000,1.000000,0.000000)
(10.945817,-0.324699,2.894737)(10.945817,-0.324699,3.421053)(10.789141,-0.614213,3.421053)(0.000000,1.000000,0.000000)
(10.789141,-0.614213,3.421053)(10.945817,-0.324699,3.421053)(10.789141,-0.614213,3.947368)(0.000000,1.000000,0.000000)
(10.945817,-0.324699,3.421053)(10.945817,-0.324699,3.947368)(10.789141,-0.614213,3.947368)(0.000000,1.000000,0.000000)
(10.789141,-0.614213,3.947368)(10.945817,-0.324699,3.947368)(10.789141,-0.614213,4.473684)(0.000000,1.000000,0.000000)
(10.945817,-0.324699,3.947368)(10.945817,-0.324699,4.473684)(10.789141,-0.614213,4.473684)(0.000000,1.000000,0.000000)
(10.789141,-0.614213,4.473684)(10.945817,-0.324699,4.473684)(10.789141,-0.614213,5.000000)(0.000000,1.000000,0.000000)
(10.945817,-0.324699,4.473684)(10.945817,-0.324699,5.000000)(10.789141,-0.614213,5.000000)(0.000000,1.000000,0.000000)
(10.945817,-0.324699,-5.000000)(11.000000,-0.000000,-5.000000)(10.945817,-0.324699,-4.473684)(0.000000,1.000000,0.000000)
(11.000000,-0.000000,-5.000000)(11.000000,-0.000000,-4.473684)(10.945817,-0.324699,-4.473684)(0.000000,1.000000,0.000000)
(10.945817,-0.324699,-4.473684)(11.000000,-0.000000,-4.473684)(10.945817,-0.324699,-3.947368)(0.000000,1.000000,0.000000)
(11.000000,-0.000000,-4.473684)(11.000000,-0.000000,-3.947368)(10.945817,-0.324699,-3.947368)(0.000000,1.000000,0.000000)
(10.945817,-0.324699,-3.947368)(11.000000,-0.000000,-3.947368)(10.945817,-0.324699,-3.421053)(0.000000,1.000000,0.000000)
(11.000000,-0.000000,-3.947368)(11.000000,-0.000000,-3.421053)(10.945817,-0.324699,-3.421053)(0.000000,1.000000,0.000000)
(10.945817,-0.324699,-3.421053)(11.000000,-0.000000,-3.421053)(10.945817,-0.324699,-2.894737)(0.000000,1.000000,0.000000)
(11.000000,-0.000000,-3.421053)(11.000000,-0.000000,-2.894737)(10.945817,-0.324699,-2.894737)(0.000000,1.000000,0.000000)
(10.945817,-0.324699,-2.894737)(11.000000,-0.000000,-2.894737)(10.945817,-0.324699,-2.368421)(0.000000,1.000000,0.000000)
(11.000000,-0.000000,-2.894737)(11.000000,-0.000000,-2.368421)(10.945817,-0.324699,-2.368421)(0.000000,1.000000,0.000000)
(10.945817,-0.324699,-2.368421)(11.000000,-0.000000,-2.368421)(10.945817,-0.324699,-1.842105)(0.000000,1.000000,0.000000)
(11.000000,-0.000000,-2.368421)(11.000000,-0.000000,-1.842105)(10.945817,-0.324699,-1.842105)(0.000000,1.000000,0.000000)
(10.945817,-0.324699,-1.842105)(11.000000,-0.000000,-1.842105)(10.945817,-0.324699,-1.315789)(0.000000,1.000000,0.000000)
(11.000000,-0.000000,-1.842105)(11.000000,-0.000000,-1.315789)(10.945817,-0.324699,-1.315789)(0.000000,1.000000,0.000000)
(10.945817,-0.324699,-1.315789)(11.000000,-0.000000,-1.315789)(10.945817,-0.324699,-0.789474)(0.000000,1.000000,0.000000)
(11.000000,-0.000000,-1.315789)(11.000000,-0.000000,-0.789474)(10.945817,-0.324699,-0.789474)(0.000000,1.000000,0.000000)
(10.945817,-0.324699,-0.789474)(11.000000,-0.000000,-0.789474)(10.945817,-0.324699,-0.263158)(0.000000,1.000000,0.000000)
(11.000000,-0.000000,-0.789474)(11.000000,-0.000000,-0.263158)(10.945817,-0.324699,-0.263158)(0.000000,1.000000,0.000000)
(10.945817,-0.324699,-0.263158)(11.000000,-0.000000,-0.263158)(10.945817,-0.324699,0.263158)(0.000000,1.000000,0.000000)
(11.000000,-0.000000,-0.263158)(11.000000,-0.000000,0.263158)(10.945817,-0.324699,0.263158)(0.000000,1.000000,0.000000)
(10.945817,-0.324699,0.263158)(11.000000,-0.000000,0.263158)(10.945817,-0.324699,0.789474)(0.000000,1.000000,0.000000)
(11.000000,-0.000000,0.263158)(11.000000,-0.000000,0.789474)(10.945817,-0.324699,0.789474)(0.000000,1.000000,0.000000)
(10.945817,-0.324699,0.789474)(11.000000,-0.000000,0.789474)(10.945817,-0.324699,1.315789)(0.000000,1.000000,0.000000)
(11.000000,-0.000000,0.789474)(11.000000,-0.000000,1.315789)(10.945817,-0.324699,1.315789)(0.000000,1.000000,0.000000)
(10.945817,-0.324699,1.315789)(11.000000,-0.000000,1.315789)(10.945817,-0.324699,1.842105)(0.000000,1.000000,0.000000)
(11.000000,-0.000000,1.315789)(11.000000,-0.000000,1.842105)(10.945817,-0.324699,1.842105)(0.000000,1.000000,0.000000)
(10.945817,-0.324699,1.842105)(11.000000,-0.000000,1.842105)(10.945817,-0.324699,2.368421)(0.000000,1.000000,0.000000)
(11.000000,-0.000000,1.842105)(11.000000,-0.000000,2.368421)(10.945817,-0.324699,2.368421)(0.000000,1.000000,0.000000)
(10.945817,-0.324699,2.368421)(11.000000,-0.000000,2.368421)(10.945817,-0.324699,2.894737)(0.000000,1.000000,0.000000)
(11.000000,-0.000000,2.368421)(11.000000,-0.000000,2.894737)(10.945817,-0.324699,2.894737)(0.000000,1.000000,0.000000)
(10.945817,-0.324699,2.894737)(11.000000,-0.000000,2.894737)(10.945817,-0.324699,3.421053)(0.000000,1.000000,0.000000)
(11.000000,-0.000000,2.894737)(11.000000,-0.000000,3.421053)(10.945817,-0.324699,3.421053)(0.000000,1.000000,0.000000)
(10.945817,-0.324699,3.421053)(11.000000,-0.000000,3.421053)(10.945817,-0.324699,3.947368)(0.000000,1.000000,0.000000)
(11.000000,-0.000000,3.421053)(11.000000,-0.000000,3.947368)(10.945817,-0.324699,3.947368)(0.000000,1.000000,0.000000)
(10.945817,-0.324699,3.947368)(11.000000,-0.000000,3.947368)(10.945817,-0.324699,4.473684)(0.000000,1.000000,0.000000)
(11.000000,-0.000000,3.947368)(11.000000,-0.000000,4.473684)(10.945817,-0.324699,4.473684)(0.000000,1.000000,0.000000)
(10.945817,-0.324699,4.473684)(11.000000,-0.000000,4.473684)(10.945817,-0.324699,5.000000)(0.000000,1.000000,0.000000)
(11.000000,-0.000000,4.473684)(11.000000,-0.000000,5.000000)(10.945817,-0.324699,5.000000)(0.000000,1.000000,0.000000)

