points: surface[0][0]
(0.000000,0.000000,0.000000)
points: surface[0][1]
(0.000000,0.200000,0.000000)
points: surface[0][2]
(0.000000,0.400000,0.000000)
points: surface[0][3]
(0.000000,0.600000,0.000000)
points: surface[0][4]
(0.000000,0.800000,0.000000)
points: surface[1][0]
(0.000000,0.000000,0.200000)
points: surface[1][1]
(0.000000,0.200000,0.200000)
points: surface[1][2]
(0.000000,0.400000,0.200000)
points: surface[1][3]
(0.000000,0.600000,0.200000)
points: surface[1][4]
(0.000000,0.800000,0.200000)
points: surface[2][0]
(0.000000,0.000000,0.400000)
points: surface[2][1]
(0.000000,0.200000,0.400000)
points: surface[2][2]
(0.000000,0.400000,0.400000)
points: surface[2][3]
(0.000000,0.600000,0.400000)
points: surface[2][4]
(0.000000,0.800000,0.400000)
points: surface[3][0]
(0.000000,0.000000,0.600000)
points: surface[3][1]
(0.000000,0.200000,0.600000)
points: surface[3][2]
(0.000000,0.400000,0.600000)
points: surface[3][3]
(0.000000,0.600000,0.600000)
points: surface[3][4]
(0.000000,0.800000,0.600000)
points: surface[4][0]
(0.000000,0.000000,0.800000)
points: surface[4][1]
(0.000000,0.200000,0.800000)
points: surface[4][2]
(0.000000,0.400000,0.800000)
points: surface[4][3]
(0.000000,0.600000,0.800000)
points: surface[4][4]
(0.000000,0.800000,0.800000)
lines: vector[0][0].lines
(0.000000,0.000000,0.000000)(0.000000,0.000000,0.200000)(0.000000,0.992157,0.933333)

lines: vector[0][0].lines
(0.000000,0.000000,0.000000)(0.000000,0.200000,0.000000)(0.000000,0.992157,0.933333)

lines: vector[0][1].lines
(0.000000,0.200000,0.000000)(0.000000,0.200000,0.200000)(0.000000,0.992157,0.933333)

lines: vector[0][1].lines
(0.000000,0.200000,0.000000)(0.000000,0.400000,0.000000)(0.000000,0.992157,0.933333)

lines: vector[0][2].lines
(0.000000,0.400000,0.000000)(0.000000,0.400000,0.200000)(0.000000,0.992157,0.933333)

lines: vector[0][2].lines
(0.000000,0.400000,0.000000)(0.000000,0.600000,0.000000)(0.000000,0.992157,0.933333)

lines: vector[0][3].lines
(0.000000,0.600000,0.000000)(0.000000,0.600000,0.200000)(0.000000,0.992157,0.933333)

lines: vector[0][3].lines
(0.000000,0.600000,0.000000)(0.000000,0.800000,0.000000)(0.000000,0.992157,0.933333)

lines: vector[0][4].lines
(0.000000,0.800000,0.000000)(0.000000,0.800000,0.200000)(0.000000,0.992157,0.933333)

lines: vector[1][0].lines
(0.000000,0.000000,0.200000)(0.000000,0.000000,0.400000)(0.000000,0.992157,0.933333)

lines: vector[1][0].lines
(0.000000,0.000000,0.200000)(0.000000,0.200000,0.200000)(0.000000,0.992157,0.933333)

lines: vector[1][1].lines
(0.000000,0.200000,0.200000)(0.000000,0.200000,0.400000)(0.000000,0.992157,0.933333)

lines: vector[1][1].lines
(0.000000,0.200000,0.200000)(0.000000,0.400000,0.200000)(0.000000,0.992157,0.933333)

lines: vector[1][2].lines
(0.000000,0.400000,0.200000)(0.000000,0.400000,0.400000)(0.000000,0.992157,0.933333)

lines: vector[1][2].lines
(0.000000,0.400000,0.200000)(0.000000,0.600000,0.200000)(0.000000,0.992157,0.933333)

lines: vector[1][3].lines
(0.000000,0.600000,0.200000)(0.000000,0.600000,0.400000)(0.000000,0.992157,0.933333)

lines: vector[1][3].lines
(0.000000,0.600000,0.200000)(0.000000,0.800000,0.200000)(0.000000,0.992157,0.933333)

lines: vector[1][4].lines
(0.000000,0.800000,0.200000)(0.000000,0.800000,0.400000)(0.000000,0.992157,0.933333)

lines: vector[2][0].lines
(0.000000,0.000000,0.400000)(0.000000,0.000000,0.600000)(0.000000,0.992157,0.933333)

lines: vector[2][0].lines
(0.000000,0.000000,0.400000)(0.000000,0.200000,0.400000)(0.000000,0.992157,0.933333)

lines: vector[2][1].lines
(0.000000,0.200000,0.400000)(0.000000,0.200000,0.600000)(0.000000,0.992157,0.933333)

lines: vector[2][1].lines
(0.000000,0.200000,0.400000)(0.000000,0.400000,0.400000)(0.000000,0.992157,0.933333)

lines: vector[2][2].lines
(0.000000,0.400000,0.400000)(0.000000,0.400000,0.600000)(0.000000,0.992157,0.933333)

lines: vector[2][2].lines
(0.000000,0.400000,0.400000)(0.000000,0.600000,0.400000)(0.000000,0.992157,0.933333)

lines: vector[2][3].lines
(0.000000,0.600000,0.400000)(0.000000,0.600000,0.600000)(0.000000,0.992157,0.933333)

lines: vector[2][3].lines
(0.000000,0.600000,0.400000)(0.000000,0.800000,0.400000)(0.000000,0.992157,0.933333)

lines: vector[2][4].lines
(0.000000,0.800000,0.400000)(0.000000,0.800000,0.600000)(0.000000,0.992157,0.933333)

lines: vector[3][0].lines
(0.000000,0.000000,0.600000)(0.000000,0.000000,0.800000)(0.000000,0.992157,0.933333)

lines: vector[3][0].lines
(0.000000,0.000000,0.600000)(0.000000,0.200000,0.600000)(0.000000,0.992157,0.933333)

lines: vector[3][1].lines
(0.000000,0.200000,0.600000)(0.000000,0.200000,0.800000)(0.000000,0.992157,0.933333)

lines: vector[3][1].lines
(0.000000,0.200000,0.600000)(0.000000,0.400000,0.600000)(0.000000,0.992157,0.933333)

lines: vector[3][2].lines
(0.000000,0.400000,0.600000)(0.000000,0.400000,0.800000)(0.000000,0.992157,0.933333)

lines: vector[3][2].lines
(0.000000,0.400000,0.600000)(0.000000,0.600000,0.600000)(0.000000,0.992157,0.933333)

lines: vector[3][3].lines
(0.000000,0.600000,0.600000)(0.000000,0.600000,0.800000)(0.000000,0.992157,0.933333)

lines: vector[3][3].lines
(0.000000,0.600000,0.600000)(0.000000,0.800000,0.600000)(0.000000,0.992157,0.933333)

lines: vector[3][4].lines
(0.000000,0.800000,0.600000)(0.000000,0.800000,0.800000)(0.000000,0.992157,0.933333)

lines: vector[4][0].lines
(0.000000,0.000000,0.800000)(0.000000,0.200000,0.800000)(0.000000,0.992157,0.933333)

lines: vector[4][1].lines
(0.000000,0.200000,0.800000)(0.000000,0.400000,0.800000)(0.000000,0.992157,0.933333)

lines: vector[4][2].lines
(0.000000,0.400000,0.800000)(0.000000,0.600000,0.800000)(0.000000,0.992157,0.933333)

lines: vector[4][3].lines
(0.000000,0.600000,0.800000)(0.000000,0.800000,0.800000)(0.000000,0.992157,0.933333)


