points: edge20
(0.000000,1.000000,0.000000)
points: edge21
(-0.506366,0.862319,100.000000)
points: edge22
(-0.873297,0.487188,200.000000)
points: edge23
(-0.999756,-0.022097,300.000000)
points: edge24
(-0.850919,-0.525296,400.000000)
points: edge25
(-0.467772,-0.883849,500.000000)
points: edge26
(0.044182,-0.999023,600.000000)
points: edge27
(0.543971,-0.839104,700.000000)
points: edge28
(0.893970,-0.448128,800.000000)
points: edge29
(0.997803,0.066247,900.000000)
points: edge210
(0.826880,0.562379,1000.000000)
points: edge211
(0.428264,0.903653,1100.000000)
points: edge212
(-0.088279,0.996096,1200.000000)
points: edge213
(-0.580513,0.814251,1300.000000)
points: edge214
(-0.912896,0.408192,1400.000000)
points: edge215
(-0.993902,-0.110267,1500.000000)
points: edge216
(-0.801225,-0.598363,1600.000000)
points: edge217
(-0.387921,-0.921693,1700.000000)
points: edge218
(0.132202,-0.991223,1800.000000)
points: edge219
(0.615922,-0.787807,1900.000000)
points: edge220
(0.930040,-0.367460,2000.000000)
points: edge221
(0.988060,0.154073,2100.000000)
points: edge222
(0.774005,0.633179,2200.000000)
points: edge223
(0.346819,0.937932,2300.000000)
points: edge224
(-0.175868,0.984414,2400.000000)
points: edge225
(-0.650128,0.759825,2500.000000)
points: edge226
(-0.945367,0.326009,2600.000000)
points: edge227
(-0.980287,-0.197577,2700.000000)
points: edge228
(-0.745274,-0.666758,2800.000000)
points: edge229
(-0.305040,-0.952339,2900.000000)
points: edge230
(0.219190,-0.975682,3000.000000)
points: edge231
(0.683064,-0.730359,3100.000000)
points: edge232
(0.958847,-0.283922,3200.000000)
points: edge233
(0.970601,0.240696,3300.000000)
points: edge234
(0.715087,0.699035,3400.000000)
points: edge235
(0.262666,0.964887,3500.000000)
points: edge236
(-0.262084,0.965045,3600.000000)
points: edge237
(-0.714666,0.699466,3700.000000)
points: edge238
(-0.970455,0.241281,3800.000000)
points: edge239
(-0.959018,-0.283344,3900.000000)
points: edge240
(-0.683504,-0.729947,4000.000000)
points: edge241
(-0.219778,-0.975550,4100.000000)
points: edge242
(0.304466,-0.952523,4200.000000)
points: edge243
(0.744872,-0.667208,4300.000000)
points: edge244
(0.980168,-0.198168,4400.000000)
points: edge245
(0.945563,0.325439,4500.000000)
points: edge246
(0.650585,0.759433,4600.000000)
points: edge247
(0.176461,0.984308,4700.000000)
points: edge248
(-0.346254,0.938141,4800.000000)
points: edge249
(-0.773623,0.633646,4900.000000)
lines: vector0.lines
(0.000000,1.000000,0.000000)(-0.506366,0.862319,100.000000)(1.000000,0.000000,0.000000)

lines: vector1.lines
(-0.506366,0.862319,100.000000)(-0.873297,0.487188,200.000000)(1.000000,0.000000,0.000000)

lines: vector2.lines
(-0.873297,0.487188,200.000000)(-0.999756,-0.022097,300.000000)(1.000000,0.000000,0.000000)

lines: vector3.lines
(-0.999756,-0.022097,300.000000)(-0.850919,-0.525296,400.000000)(1.000000,0.000000,0.000000)

lines: vector4.lines
(-0.850919,-0.525296,400.000000)(-0.467772,-0.883849,500.000000)(1.000000,0.000000,0.000000)

lines: vector5.lines
(-0.467772,-0.883849,500.000000)(0.044182,-0.999023,600.000000)(1.000000,0.000000,0.000000)

lines: vector6.lines
(0.044182,-0.999023,600.000000)(0.543971,-0.839104,700.000000)(1.000000,0.000000,0.000000)

lines: vector7.lines
(0.543971,-0.839104,700.000000)(0.893970,-0.448128,800.000000)(1.000000,0.000000,0.000000)

lines: vector8.lines
(0.893970,-0.448128,800.000000)(0.997803,0.066247,900.000000)(1.000000,0.000000,0.000000)

lines: vector9.lines
(0.997803,0.066247,900.000000)(0.826880,0.562379,1000.000000)(1.000000,0.000000,0.000000)

lines: vector10.lines
(0.826880,0.562379,1000.000000)(0.428264,0.903653,1100.000000)(1.000000,0.000000,0.000000)

lines: vector11.lines
(0.428264,0.903653,1100.000000)(-0.088279,0.996096,1200.000000)(1.000000,0.000000,0.000000)

lines: vector12.lines
(-0.088279,0.996096,1200.000000)(-0.580513,0.814251,1300.000000)(1.000000,0.000000,0.000000)

lines: vector13.lines
(-0.580513,0.814251,1300.000000)(-0.912896,0.408192,1400.000000)(1.000000,0.000000,0.000000)

lines: vector14.lines
(-0.912896,0.408192,1400.000000)(-0.993902,-0.110267,1500.000000)(1.000000,0.000000,0.000000)

lines: vector15.lines
(-0.993902,-0.110267,1500.000000)(-0.801225,-0.598363,1600.000000)(1.000000,0.000000,0.000000)

lines: vector16.lines
(-0.801225,-0.598363,1600.000000)(-0.387921,-0.921693,1700.000000)(1.000000,0.000000,0.000000)

lines: vector17.lines
(-0.387921,-0.921693,1700.000000)(0.132202,-0.991223,1800.000000)(1.000000,0.000000,0.000000)

lines: vector18.lines
(0.132202,-0.991223,1800.000000)(0.615922,-0.787807,1900.000000)(1.000000,0.000000,0.000000)

lines: vector19.lines
(0.615922,-0.787807,1900.000000)(0.930040,-0.367460,2000.000000)(1.000000,0.000000,0.000000)

lines: vector20.lines
(0.930040,-0.367460,2000.000000)(0.988060,0.154073,2100.000000)(1.000000,0.000000,0.000000)

lines: vector21.lines
(0.988060,0.154073,2100.000000)(0.774005,0.633179,2200.000000)(1.000000,0.000000,0.000000)

lines: vector22.lines
(0.774005,0.633179,2200.000000)(0.346819,0.937932,2300.000000)(1.000000,0.000000,0.000000)

lines: vector23.lines
(0.346819,0.937932,2300.000000)(-0.175868,0.984414,2400.000000)(1.000000,0.000000,0.000000)

lines: vector24.lines
(-0.175868,0.984414,2400.000000)(-0.650128,0.759825,2500.000000)(1.000000,0.000000,0.000000)

lines: vector25.lines
(-0.650128,0.759825,2500.000000)(-0.945367,0.326009,2600.000000)(1.000000,0.000000,0.000000)

lines: vector26.lines
(-0.945367,0.326009,2600.000000)(-0.980287,-0.197577,2700.000000)(1.000000,0.000000,0.000000)

lines: vector27.lines
(-0.980287,-0.197577,2700.000000)(-0.745274,-0.666758,2800.000000)(1.000000,0.000000,0.000000)

lines: vector28.lines
(-0.745274,-0.666758,2800.000000)(-0.305040,-0.952339,2900.000000)(1.000000,0.000000,0.000000)

lines: vector29.lines
(-0.305040,-0.952339,2900.000000)(0.219190,-0.975682,3000.000000)(1.000000,0.000000,0.000000)

lines: vector30.lines
(0.219190,-0.975682,3000.000000)(0.683064,-0.730359,3100.000000)(1.000000,0.000000,0.000000)

lines: vector31.lines
(0.683064,-0.730359,3100.000000)(0.958847,-0.283922,3200.000000)(1.000000,0.000000,0.000000)

lines: vector32.lines
(0.958847,-0.283922,3200.000000)(0.970601,0.240696,3300.000000)(1.000000,0.000000,0.000000)

lines: vector33.lines
(0.970601,0.240696,3300.000000)(0.715087,0.699035,3400.000000)(1.000000,0.000000,0.000000)

lines: vector34.lines
(0.715087,0.699035,3400.000000)(0.262666,0.964887,3500.000000)(1.000000,0.000000,0.000000)

lines: vector35.lines
(0.262666,0.964887,3500.000000)(-0.262084,0.965045,3600.000000)(1.000000,0.000000,0.000000)

lines: vector36.lines
(-0.262084,0.965045,3600.000000)(-0.714666,0.699466,3700.000000)(1.000000,0.000000,0.000000)

lines: vector37.lines
(-0.714666,0.699466,3700.000000)(-0.970455,0.241281,3800.000000)(1.000000,0.000000,0.000000)

lines: vector38.lines
(-0.970455,0.241281,3800.000000)(-0.959018,-0.283344,3900.000000)(1.000000,0.000000,0.000000)

lines: vector39.lines
(-0.959018,-0.283344,3900.000000)(-0.683504,-0.729947,4000.000000)(1.000000,0.000000,0.000000)

lines: vector40.lines
(-0.683504,-0.729947,4000.000000)(-0.219778,-0.975550,4100.000000)(1.000000,0.000000,0.000000)

lines: vector41.lines
(-0.219778,-0.975550,4100.000000)(0.304466,-0.952523,4200.000000)(1.000000,0.000000,0.000000)

lines: vector42.lines
(0.304466,-0.952523,4200.000000)(0.744872,-0.667208,4300.000000)(1.000000,0.000000,0.000000)

lines: vector43.lines
(0.744872,-0.667208,4300.000000)(0.980168,-0.198168,4400.000000)(1.000000,0.000000,0.000000)

lines: vector44.lines
(0.980168,-0.198168,4400.000000)(0.945563,0.325439,4500.000000)(1.000000,0.000000,0.000000)

lines: vector45.lines
(0.945563,0.325439,4500.000000)(0.650585,0.759433,4600.000000)(1.000000,0.000000,0.000000)

lines: vector46.lines
(0.650585,0.759433,4600.000000)(0.176461,0.984308,4700.000000)(1.000000,0.000000,0.000000)

lines: vector47.lines
(0.176461,0.984308,4700.000000)(-0.346254,0.938141,4800.000000)(1.000000,0.000000,0.000000)

lines: vector48.lines
(-0.346254,0.938141,4800.000000)(-0.773623,0.633646,4900.000000)(1.000000,0.000000,0.000000)


