triangles: customPlane1
(-8.000000,6.283185,0.000000)(-8.421719,5.621797,1.228425)(-7.945817,6.607885,0.000000)(0.109804,0.466667,0.886275)
(-8.421719,5.621797,1.228425)(-8.378961,5.946497,1.261705)(-7.945817,6.607885,0.000000)(0.109804,0.466667,0.886275)
(-7.945817,6.607885,0.000000)(-8.378961,5.946497,1.261705)(-7.789141,6.897398,0.000000)(0.109804,0.466667,0.886275)
(-8.378961,5.946497,1.261705)(-8.255321,6.236010,1.357938)(-7.789141,6.897398,0.000000)(0.109804,0.466667,0.886275)
(-7.789141,6.897398,0.000000)(-8.255321,6.236010,1.357938)(-7.546948,7.120352,0.000000)(0.109804,0.466667,0.886275)
(-8.255321,6.236010,1.357938)(-8.064197,6.458964,1.506696)(-7.546948,7.120352,0.000000)(0.109804,0.466667,0.886275)
(-7.546948,7.120352,0.000000)(-8.064197,6.458964,1.506696)(-7.245485,7.252586,0.000000)(0.109804,0.466667,0.886275)
(-8.064197,6.458964,1.506696)(-7.826301,6.591198,1.691858)(-7.245485,7.252586,0.000000)(0.109804,0.466667,0.886275)
(-7.245485,7.252586,0.000000)(-7.826301,6.591198,1.691858)(-6.917421,7.279770,0.000000)(0.109804,0.466667,0.886275)
(-7.826301,6.591198,1.691858)(-7.567412,6.618382,1.893359)(-6.917421,7.279770,0.000000)(0.109804,0.466667,0.886275)
(-6.917421,7.279770,0.000000)(-7.567412,6.618382,1.893359)(-6.598305,7.198959,0.000000)(0.109804,0.466667,0.886275)
(-7.567412,6.618382,1.893359)(-7.315584,6.537571,2.089365)(-6.598305,7.198959,0.000000)(0.109804,0.466667,0.886275)
(-6.598305,7.198959,0.000000)(-7.315584,6.537571,2.089365)(-6.322718,7.018909,0.000000)(0.109804,0.466667,0.886275)
(-7.315584,6.537571,2.089365)(-7.098108,6.357521,2.258633)(-6.322718,7.018909,0.000000)(0.109804,0.466667,0.886275)
(-6.322718,7.018909,0.000000)(-7.098108,6.357521,2.258633)(-6.120526,6.759133,0.000000)(0.109804,0.466667,0.886275)
(-7.098108,6.357521,2.258633)(-6.938550,6.097745,2.382822)(-6.120526,6.759133,0.000000)(0.109804,0.466667,0.886275)
(-6.120526,6.759133,0.000000)(-6.938550,6.097745,2.382822)(-6.013639,6.447780,0.000000)(0.109804,0.466667,0.886275)
(-6.938550,6.097745,2.382822)(-6.854201,5.786392,2.448474)(-6.013639,6.447780,0.000000)(0.109804,0.466667,0.886275)
(-6.013639,6.447780,0.000000)(-6.854201,5.786392,2.448474)(-6.013639,6.118591,0.000000)(0.109804,0.466667,0.886275)
(-6.854201,5.786392,2.448474)(-6.854201,5.457203,2.448474)(-6.013639,6.118591,0.000000)(0.109804,0.466667,0.886275)
(-6.013639,6.118591,0.000000)(-6.854201,5.457203,2.448474)(-6.120526,5.807238,0.000000)(0.109804,0.466667,0.886275)
(-6.854201,5.457203,2.448474)(-6.938550,5.145850,2.382822)(-6.120526,5.807238,0.000000)(0.109804,0.466667,0.886275)
(-6.120526,5.807238,0.000000)(-6.938550,5.145850,2.382822)(-6.322718,5.547461,0.000000)(0.109804,0.466667,0.886275)
(-6.938550,5.145850,2.382822)(-7.098108,4.886073,2.258633)(-6.322718,5.547461,0.000000)(0.109804,0.466667,0.886275)
(-6.322718,5.547461,0.000000)(-7.098108,4.886073,2.258633)(-6.598305,5.367412,0.000000)(0.109804,0.466667,0.886275)
(-7.098108,4.886073,2.258633)(-7.315584,4.706024,2.089365)(-6.598305,5.367412,0.000000)(0.109804,0.466667,0.886275)
(-6.598305,5.367412,0.000000)(-7.315584,4.706024,2.089365)(-6.917421,5.286601,0.000000)(0.109804,0.466667,0.886275)
(-7.315584,4.706024,2.089365)(-7.567412,4.625213,1.893359)(-6.917421,5.286601,0.000000)(0.109804,0.466667,0.886275)
(-6.917421,5.286601,0.000000)(-7.567412,4.625213,1.893359)(-7.245485,5.313785,0.000000)(0.109804,0.466667,0.886275)
(-7.567412,4.625213,1.893359)(-7.826301,4.652397,1.691858)(-7.245485,5.313785,0.000000)(0.109804,0.466667,0.886275)
(-7.245485,5.313785,0.000000)(-7.826301,4.652397,1.691858)(-7.546948,5.446019,0.000000)(0.109804,0.466667,0.886275)
(-7.826301,4.652397,1.691858)(-8.064197,4.784631,1.506696)(-7.546948,5.446019,0.000000)(0.109804,0.466667,0.886275)
(-7.546948,5.446019,0.000000)(-8.064197,4.784631,1.506696)(-7.789141,5.668973,0.000000)(0.109804,0.466667,0.886275)
(-8.064197,4.784631,1.506696)(-8.255321,5.007585,1.357938)(-7.789141,5.668973,0.000000)(0.109804,0.466667,0.886275)
(-7.789141,5.668973,0.000000)(-8.255321,5.007585,1.357938)(-7.945817,5.958486,0.000000)(0.109804,0.466667,0.886275)
(-8.255321,5.007585,1.357938)(-8.378961,5.297098,1.261705)(-7.945817,5.958486,0.000000)(0.109804,0.466667,0.886275)
(-7.945817,5.958486,0.000000)(-8.378961,5.297098,1.261705)(-8.000000,6.283185,0.000000)(0.109804,0.466667,0.886275)
(-8.378961,5.297098,1.261705)(-8.421719,5.621797,1.228425)(-8.000000,6.283185,0.000000)(0.109804,0.466667,0.886275)
(-8.421719,5.621797,1.228425)(-9.509029,4.960409,1.938801)(-8.378961,5.946497,1.261705)(0.109804,0.466667,0.886275)
(-9.509029,4.960409,1.938801)(-9.495728,5.285109,1.991325)(-8.378961,5.946497,1.261705)(0.109804,0.466667,0.886275)
(-8.378961,5.946497,1.261705)(-9.495728,5.285109,1.991325)(-8.255321,6.236010,1.357938)(0.109804,0.466667,0.886275)
(-9.495728,5.285109,1.991325)(-9.457266,5.574622,2.143208)(-8.255321,6.236010,1.357938)(0.109804,0.466667,0.886275)
(-8.255321,6.236010,1.357938)(-9.457266,5.574622,2.143208)(-8.064197,6.458964,1.506696)(0.109804,0.466667,0.886275)
(-9.457266,5.574622,2.143208)(-9.397811,5.797576,2.377989)(-8.064197,6.458964,1.506696)(0.109804,0.466667,0.886275)
(-8.064197,6.458964,1.506696)(-9.397811,5.797576,2.377989)(-7.826301,6.591198,1.691858)(0.109804,0.466667,0.886275)
(-9.397811,5.797576,2.377989)(-9.323807,5.929810,2.670227)(-7.826301,6.591198,1.691858)(0.109804,0.466667,0.886275)
(-7.826301,6.591198,1.691858)(-9.323807,5.929810,2.670227)(-7.567412,6.618382,1.893359)(0.109804,0.466667,0.886275)
(-9.323807,5.929810,2.670227)(-9.243272,5.956994,2.988253)(-7.567412,6.618382,1.893359)(0.109804,0.466667,0.886275)
(-7.567412,6.618382,1.893359)(-9.243272,5.956994,2.988253)(-7.315584,6.537571,2.089365)(0.109804,0.466667,0.886275)
(-9.243272,5.956994,2.988253)(-9.164933,5.876183,3.297604)(-7.315584,6.537571,2.089365)(0.109804,0.466667,0.886275)
(-7.315584,6.537571,2.089365)(-9.164933,5.876183,3.297604)(-7.098108,6.357521,2.258633)(0.109804,0.466667,0.886275)
(-9.164933,5.876183,3.297604)(-9.097281,5.696133,3.564758)(-7.098108,6.357521,2.258633)(0.109804,0.466667,0.886275)
(-7.098108,6.357521,2.258633)(-9.097281,5.696133,3.564758)(-6.938550,6.097745,2.382822)(0.109804,0.466667,0.886275)
(-9.097281,5.696133,3.564758)(-9.047645,5.436357,3.760763)(-6.938550,6.097745,2.382822)(0.109804,0.466667,0.886275)
(-6.938550,6.097745,2.382822)(-9.047645,5.436357,3.760763)(-6.854201,5.786392,2.448474)(0.109804,0.466667,0.886275)
(-9.047645,5.436357,3.760763)(-9.021406,5.125004,3.864380)(-6.854201,5.786392,2.448474)(0.109804,0.466667,0.886275)
(-6.854201,5.786392,2.448474)(-9.021406,5.125004,3.864380)(-6.854201,5.457203,2.448474)(0.109804,0.466667,0.886275)
(-9.021406,5.125004,3.864380)(-9.021406,4.795815,3.864380)(-6.854201,5.457203,2.448474)(0.109804,0.466667,0.886275)
(-6.854201,5.457203,2.448474)(-9.021406,4.795815,3.864380)(-6.938550,5.145850,2.382822)(0.109804,0.466667,0.886275)
(-9.021406,4.795815,3.864380)(-9.047645,4.484462,3.760763)(-6.938550,5.145850,2.382822)(0.109804,0.466667,0.886275)
(-6.938550,5.145850,2.382822)(-9.047645,4.484462,3.760763)(-7.098108,4.886073,2.258633)(0.109804,0.466667,0.886275)
(-9.047645,4.484462,3.760763)(-9.097281,4.224686,3.564758)(-7.098108,4.886073,2.258633)(0.109804,0.466667,0.886275)
(-7.098108,4.886073,2.258633)(-9.097281,4.224686,3.564758)(-7.315584,4.706024,2.089365)(0.109804,0.466667,0.886275)
(-9.097281,4.224686,3.564758)(-9.164933,4.044636,3.297604)(-7.315584,4.706024,2.089365)(0.109804,0.466667,0.886275)
(-7.315584,4.706024,2.089365)(-9.164933,4.044636,3.297604)(-7.567412,4.625213,1.893359)(0.109804,0.466667,0.886275)
(-9.164933,4.044636,3.297604)(-9.243272,3.963825,2.988253)(-7.567412,4.625213,1.893359)(0.109804,0.466667,0.886275)
(-7.567412,4.625213,1.893359)(-9.243272,3.963825,2.988253)(-7.826301,4.652397,1.691858)(0.109804,0.466667,0.886275)
(-9.243272,3.963825,2.988253)(-9.323807,3.991009,2.670227)(-7.826301,4.652397,1.691858)(0.109804,0.466667,0.886275)
(-7.826301,4.652397,1.691858)(-9.323807,3.991009,2.670227)(-8.064197,4.784631,1.506696)(0.109804,0.466667,0.886275)
(-9.323807,3.991009,2.670227)(-9.397811,4.123243,2.377989)(-8.064197,4.784631,1.506696)(0.109804,0.466667,0.886275)
(-8.064197,4.784631,1.506696)(-9.397811,4.123243,2.377989)(-8.255321,5.007585,1.357938)(0.109804,0.466667,0.886275)
(-9.397811,4.123243,2.377989)(-9.457266,4.346197,2.143208)(-8.255321,5.007585,1.357938)(0.109804,0.466667,0.886275)
(-8.255321,5.007585,1.357938)(-9.457266,4.346197,2.143208)(-8.378961,5.297098,1.261705)(0.109804,0.466667,0.886275)
(-9.457266,4.346197,2.143208)(-9.495728,4.635710,1.991325)(-8.378961,5.297098,1.261705)(0.109804,0.466667,0.886275)
(-8.378961,5.297098,1.261705)(-9.495728,4.635710,1.991325)(-8.421719,5.621797,1.228425)(0.109804,0.466667,0.886275)
(-9.495728,4.635710,1.991325)(-9.509029,4.960409,1.938801)(-8.421719,5.621797,1.228425)(0.109804,0.466667,0.886275)
(-9.509029,4.960409,1.938801)(-10.803391,4.299022,1.831547)(-9.495728,5.285109,1.991325)(0.109804,0.466667,0.886275)
(-10.803391,4.299022,1.831547)(-10.825156,4.623721,1.881166)(-9.495728,5.285109,1.991325)(0.109804,0.466667,0.886275)
(-9.495728,5.285109,1.991325)(-10.825156,4.623721,1.881166)(-9.457266,5.574622,2.143208)(0.109804,0.466667,0.886275)
(-10.825156,4.623721,1.881166)(-10.888092,4.913234,2.024646)(-9.457266,5.574622,2.143208)(0.109804,0.466667,0.886275)
(-9.457266,5.574622,2.143208)(-10.888092,4.913234,2.024646)(-9.397811,5.797576,2.377989)(0.109804,0.466667,0.886275)
(-10.888092,4.913234,2.024646)(-10.985380,5.136188,2.246439)(-9.397811,5.797576,2.377989)(0.109804,0.466667,0.886275)
(-9.397811,5.797576,2.377989)(-10.985380,5.136188,2.246439)(-9.323807,5.929810,2.670227)(0.109804,0.466667,0.886275)
(-10.985380,5.136188,2.246439)(-11.106476,5.268422,2.522511)(-9.323807,5.929810,2.670227)(0.109804,0.466667,0.886275)
(-9.323807,5.929810,2.670227)(-11.106476,5.268422,2.522511)(-9.243272,5.956994,2.988253)(0.109804,0.466667,0.886275)
(-11.106476,5.268422,2.522511)(-11.238258,5.295606,2.822944)(-9.243272,5.956994,2.988253)(0.109804,0.466667,0.886275)
(-9.243272,5.956994,2.988253)(-11.238258,5.295606,2.822944)(-9.164933,5.876183,3.297604)(0.109804,0.466667,0.886275)
(-11.238258,5.295606,2.822944)(-11.366445,5.214795,3.115182)(-9.164933,5.876183,3.297604)(0.109804,0.466667,0.886275)
(-9.164933,5.876183,3.297604)(-11.366445,5.214795,3.115182)(-9.097281,5.696133,3.564758)(0.109804,0.466667,0.886275)
(-11.366445,5.214795,3.115182)(-11.477147,5.034745,3.367556)(-9.097281,5.696133,3.564758)(0.109804,0.466667,0.886275)
(-9.097281,5.696133,3.564758)(-11.477147,5.034745,3.367556)(-9.047645,5.436357,3.760763)(0.109804,0.466667,0.886275)
(-11.477147,5.034745,3.367556)(-11.558367,4.774969,3.552719)(-9.047645,5.436357,3.760763)(0.109804,0.466667,0.886275)
(-9.047645,5.436357,3.760763)(-11.558367,4.774969,3.552719)(-9.021406,5.125004,3.864380)(0.109804,0.466667,0.886275)
(-11.558367,4.774969,3.552719)(-11.601303,4.463616,3.650603)(-9.021406,5.125004,3.864380)(0.109804,0.466667,0.886275)
(-9.021406,5.125004,3.864380)(-11.601303,4.463616,3.650603)(-9.021406,4.795815,3.864380)(0.109804,0.466667,0.886275)
(-11.601303,4.463616,3.650603)(-11.601303,4.134427,3.650603)(-9.021406,4.795815,3.864380)(0.109804,0.466667,0.886275)
(-9.021406,4.795815,3.864380)(-11.601303,4.134427,3.650603)(-9.047645,4.484462,3.760763)(0.109804,0.466667,0.886275)
(-11.601303,4.134427,3.650603)(-11.558367,3.823074,3.552719)(-9.047645,4.484462,3.760763)(0.109804,0.466667,0.886275)
(-9.047645,4.484462,3.760763)(-11.558367,3.823074,3.552719)(-9.097281,4.224686,3.564758)(0.109804,0.466667,0.886275)
(-11.558367,3.823074,3.552719)(-11.477147,3.563298,3.367556)(-9.097281,4.224686,3.564758)(0.109804,0.466667,0.886275)
(-9.097281,4.224686,3.564758)(-11.477147,3.563298,3.367556)(-9.164933,4.044636,3.297604)(0.109804,0.466667,0.886275)
(-11.477147,3.563298,3.367556)(-11.366445,3.383248,3.115182)(-9.164933,4.044636,3.297604)(0.109804,0.466667,0.886275)
(-9.164933,4.044636,3.297604)(-11.366445,3.383248,3.115182)(-9.243272,3.963825,2.988253)(0.109804,0.466667,0.886275)
(-11.366445,3.383248,3.115182)(-11.238258,3.302437,2.822944)(-9.243272,3.963825,2.988253)(0.109804,0.466667,0.886275)
(-9.243272,3.963825,2.988253)(-11.238258,3.302437,2.822944)(-9.323807,3.991009,2.670227)(0.109804,0.466667,0.886275)
(-11.238258,3.302437,2.822944)(-11.106476,3.329621,2.522511)(-9.323807,3.991009,2.670227)(0.109804,0.466667,0.886275)
(-9.323807,3.991009,2.670227)(-11.106476,3.329621,2.522511)(-9.397811,4.123243,2.377989)(0.109804,0.466667,0.886275)
(-11.106476,3.329621,2.522511)(-10.985380,3.461855,2.246439)(-9.397811,4.123243,2.377989)(0.109804,0.466667,0.886275)
(-9.397811,4.123243,2.377989)(-10.985380,3.461855,2.246439)(-9.457266,4.346197,2.143208)(0.109804,0.466667,0.886275)
(-10.985380,3.461855,2.246439)(-10.888092,3.684809,2.024646)(-9.457266,4.346197,2.143208)(0.109804,0.466667,0.886275)
(-9.457266,4.346197,2.143208)(-10.888092,3.684809,2.024646)(-9.495728,4.635710,1.991325)(0.109804,0.466667,0.886275)
(-10.888092,3.684809,2.024646)(-10.825156,3.974322,1.881166)(-9.495728,4.635710,1.991325)(0.109804,0.466667,0.886275)
(-9.495728,4.635710,1.991325)(-10.825156,3.974322,1.881166)(-9.509029,4.960409,1.938801)(0.109804,0.466667,0.886275)
(-10.825156,3.974322,1.881166)(-10.803391,4.299022,1.831547)(-9.509029,4.960409,1.938801)(0.109804,0.466667,0.886275)
(-10.803391,4.299022,1.831547)(-11.758948,3.637634,0.951895)(-10.825156,4.623721,1.881166)(0.109804,0.466667,0.886275)
(-11.758948,3.637634,0.951895)(-11.806600,3.962333,0.977683)(-10.825156,4.623721,1.881166)(0.109804,0.466667,0.886275)
(-10.825156,4.623721,1.881166)(-11.806600,3.962333,0.977683)(-10.888092,4.913234,2.024646)(0.109804,0.466667,0.886275)
(-11.806600,3.962333,0.977683)(-11.944393,4.251846,1.052253)(-10.888092,4.913234,2.024646)(0.109804,0.466667,0.886275)
(-10.888092,4.913234,2.024646)(-11.944393,4.251846,1.052253)(-10.985380,5.136188,2.246439)(0.109804,0.466667,0.886275)
(-11.944393,4.251846,1.052253)(-12.157395,4.474800,1.167524)(-10.985380,5.136188,2.246439)(0.109804,0.466667,0.886275)
(-10.985380,5.136188,2.246439)(-12.157395,4.474800,1.167524)(-11.106476,5.268422,2.522511)(0.109804,0.466667,0.886275)
(-12.157395,4.474800,1.167524)(-12.422523,4.607034,1.311004)(-11.106476,5.268422,2.522511)(0.109804,0.466667,0.886275)
(-11.106476,5.268422,2.522511)(-12.422523,4.607034,1.311004)(-11.238258,5.295606,2.822944)(0.109804,0.466667,0.886275)
(-12.422523,4.607034,1.311004)(-12.711048,4.634218,1.467146)(-11.238258,5.295606,2.822944)(0.109804,0.466667,0.886275)
(-11.238258,5.295606,2.822944)(-12.711048,4.634218,1.467146)(-11.366445,5.214795,3.115182)(0.109804,0.466667,0.886275)
(-12.711048,4.634218,1.467146)(-12.991702,4.553407,1.619028)(-11.366445,5.214795,3.115182)(0.109804,0.466667,0.886275)
(-11.366445,5.214795,3.115182)(-12.991702,4.553407,1.619028)(-11.477147,5.034745,3.367556)(0.109804,0.466667,0.886275)
(-12.991702,4.553407,1.619028)(-13.234073,4.373358,1.750193)(-11.477147,5.034745,3.367556)(0.109804,0.466667,0.886275)
(-11.477147,5.034745,3.367556)(-13.234073,4.373358,1.750193)(-11.558367,4.774969,3.552719)(0.109804,0.466667,0.886275)
(-13.234073,4.373358,1.750193)(-13.411895,4.113581,1.846425)(-11.558367,4.774969,3.552719)(0.109804,0.466667,0.886275)
(-11.558367,4.774969,3.552719)(-13.411895,4.113581,1.846425)(-11.601303,4.463616,3.650603)(0.109804,0.466667,0.886275)
(-13.411895,4.113581,1.846425)(-13.505900,3.802228,1.897298)(-11.601303,4.463616,3.650603)(0.109804,0.466667,0.886275)
(-11.601303,4.463616,3.650603)(-13.505900,3.802228,1.897298)(-11.601303,4.134427,3.650603)(0.109804,0.466667,0.886275)
(-13.505900,3.802228,1.897298)(-13.505900,3.473039,1.897298)(-11.601303,4.134427,3.650603)(0.109804,0.466667,0.886275)
(-11.601303,4.134427,3.650603)(-13.505900,3.473039,1.897298)(-11.558367,3.823074,3.552719)(0.109804,0.466667,0.886275)
(-13.505900,3.473039,1.897298)(-13.411895,3.161686,1.846425)(-11.558367,3.823074,3.552719)(0.109804,0.466667,0.886275)
(-11.558367,3.823074,3.552719)(-13.411895,3.161686,1.846425)(-11.477147,3.563298,3.367556)(0.109804,0.466667,0.886275)
(-13.411895,3.161686,1.846425)(-13.234073,2.901910,1.750193)(-11.477147,3.563298,3.367556)(0.109804,0.466667,0.886275)
(-11.477147,3.563298,3.367556)(-13.234073,2.901910,1.750193)(-11.366445,3.383248,3.115182)(0.109804,0.466667,0.886275)
(-13.234073,2.901910,1.750193)(-12.991702,2.721860,1.619028)(-11.366445,3.383248,3.115182)(0.109804,0.466667,0.886275)
(-11.366445,3.383248,3.115182)(-12.991702,2.721860,1.619028)(-11.238258,3.302437,2.822944)(0.109804,0.466667,0.886275)
(-12.991702,2.721860,1.619028)(-12.711048,2.641049,1.467146)(-11.238258,3.302437,2.822944)(0.109804,0.466667,0.886275)
(-11.238258,3.302437,2.822944)(-12.711048,2.641049,1.467146)(-11.106476,3.329621,2.522511)(0.109804,0.466667,0.886275)
(-12.711048,2.641049,1.467146)(-12.422523,2.668233,1.311004)(-11.106476,3.329621,2.522511)(0.109804,0.466667,0.886275)
(-11.106476,3.329621,2.522511)(-12.422523,2.668233,1.311004)(-10.985380,3.461855,2.246439)(0.109804,0.466667,0.886275)
(-12.422523,2.668233,1.311004)(-12.157395,2.800467,1.167524)(-10.985380,3.461855,2.246439)(0.109804,0.466667,0.886275)
(-10.985380,3.461855,2.246439)(-12.157395,2.800467,1.167524)(-10.888092,3.684809,2.024646)(0.109804,0.466667,0.886275)
(-12.157395,2.800467,1.167524)(-11.944393,3.023421,1.052253)(-10.888092,3.684809,2.024646)(0.109804,0.466667,0.886275)
(-10.888092,3.684809,2.024646)(-11.944393,3.023421,1.052253)(-10.825156,3.974322,1.881166)(0.109804,0.466667,0.886275)
(-11.944393,3.023421,1.052253)(-11.806600,3.312934,0.977683)(-10.825156,3.974322,1.881166)(0.109804,0.466667,0.886275)
(-10.825156,3.974322,1.881166)(-11.806600,3.312934,0.977683)(-10.803391,4.299022,1.831547)(0.109804,0.466667,0.886275)
(-11.806600,3.312934,0.977683)(-11.758948,3.637634,0.951895)(-10.803391,4.299022,1.831547)(0.109804,0.466667,0.886275)
(-11.758948,3.637634,0.951895)(-11.972723,2.976246,-0.329189)(-11.806600,3.962333,0.977683)(0.109804,0.466667,0.886275)
(-11.972723,2.976246,-0.329189)(-12.026166,3.300945,-0.338107)(-11.806600,3.962333,0.977683)(0.109804,0.466667,0.886275)
(-11.806600,3.962333,0.977683)(-12.026166,3.300945,-0.338107)(-11.944393,4.251846,1.052253)(0.109804,0.466667,0.886275)
(-12.026166,3.300945,-0.338107)(-12.180706,3.590458,-0.363896)(-11.944393,4.251846,1.052253)(0.109804,0.466667,0.886275)
(-11.944393,4.251846,1.052253)(-12.180706,3.590458,-0.363896)(-12.157395,4.474800,1.167524)(0.109804,0.466667,0.886275)
(-12.180706,3.590458,-0.363896)(-12.419595,3.813412,-0.403759)(-12.157395,4.474800,1.167524)(0.109804,0.466667,0.886275)
(-12.157395,4.474800,1.167524)(-12.419595,3.813412,-0.403759)(-12.422523,4.607034,1.311004)(0.109804,0.466667,0.886275)
(-12.419595,3.813412,-0.403759)(-12.716947,3.945646,-0.453378)(-12.422523,4.607034,1.311004)(0.109804,0.466667,0.886275)
(-12.422523,4.607034,1.311004)(-12.716947,3.945646,-0.453378)(-12.711048,4.634218,1.467146)(0.109804,0.466667,0.886275)
(-12.716947,3.945646,-0.453378)(-13.040537,3.972830,-0.507376)(-12.711048,4.634218,1.467146)(0.109804,0.466667,0.886275)
(-12.711048,4.634218,1.467146)(-13.040537,3.972830,-0.507376)(-12.991702,4.553407,1.619028)(0.109804,0.466667,0.886275)
(-13.040537,3.972830,-0.507376)(-13.355301,3.892019,-0.559901)(-12.991702,4.553407,1.619028)(0.109804,0.466667,0.886275)
(-12.991702,4.553407,1.619028)(-13.355301,3.892019,-0.559901)(-13.234073,4.373358,1.750193)(0.109804,0.466667,0.886275)
(-13.355301,3.892019,-0.559901)(-13.627128,3.711970,-0.605261)(-13.234073,4.373358,1.750193)(0.109804,0.466667,0.886275)
(-13.234073,4.373358,1.750193)(-13.627128,3.711970,-0.605261)(-13.411895,4.113581,1.846425)(0.109804,0.466667,0.886275)
(-13.627128,3.711970,-0.605261)(-13.826563,3.452193,-0.638540)(-13.411895,4.113581,1.846425)(0.109804,0.466667,0.886275)
(-13.411895,4.113581,1.846425)(-13.826563,3.452193,-0.638540)(-13.505900,3.802228,1.897298)(0.109804,0.466667,0.886275)
(-13.826563,3.452193,-0.638540)(-13.931993,3.140840,-0.656134)(-13.505900,3.802228,1.897298)(0.109804,0.466667,0.886275)
(-13.505900,3.802228,1.897298)(-13.931993,3.140840,-0.656134)(-13.505900,3.473039,1.897298)(0.109804,0.466667,0.886275)
(-13.931993,3.140840,-0.656134)(-13.931993,2.811651,-0.656134)(-13.505900,3.473039,1.897298)(0.109804,0.466667,0.886275)
(-13.505900,3.473039,1.897298)(-13.931993,2.811651,-0.656134)(-13.411895,3.161686,1.846425)(0.109804,0.466667,0.886275)
(-13.931993,2.811651,-0.656134)(-13.826563,2.500298,-0.638540)(-13.411895,3.161686,1.846425)(0.109804,0.466667,0.886275)
(-13.411895,3.161686,1.846425)(-13.826563,2.500298,-0.638540)(-13.234073,2.901910,1.750193)(0.109804,0.466667,0.886275)
(-13.826563,2.500298,-0.638540)(-13.627128,2.240522,-0.605261)(-13.234073,2.901910,1.750193)(0.109804,0.466667,0.886275)
(-13.234073,2.901910,1.750193)(-13.627128,2.240522,-0.605261)(-12.991702,2.721860,1.619028)(0.109804,0.466667,0.886275)
(-13.627128,2.240522,-0.605261)(-13.355301,2.060472,-0.559901)(-12.991702,2.721860,1.619028)(0.109804,0.466667,0.886275)
(-12.991702,2.721860,1.619028)(-13.355301,2.060472,-0.559901)(-12.711048,2.641049,1.467146)(0.109804,0.466667,0.886275)
(-13.355301,2.060472,-0.559901)(-13.040537,1.979661,-0.507376)(-12.711048,2.641049,1.467146)(0.109804,0.466667,0.886275)
(-12.711048,2.641049,1.467146)(-13.040537,1.979661,-0.507376)(-12.422523,2.668233,1.311004)(0.109804,0.466667,0.886275)
(-13.040537,1.979661,-0.507376)(-12.716947,2.006845,-0.453378)(-12.422523,2.668233,1.311004)(0.109804,0.466667,0.886275)
(-12.422523,2.668233,1.311004)(-12.716947,2.006845,-0.453378)(-12.157395,2.800467,1.167524)(0.109804,0.466667,0.886275)
(-12.716947,2.006845,-0.453378)(-12.419595,2.139079,-0.403759)(-12.157395,2.800467,1.167524)(0.109804,0.466667,0.886275)
(-12.157395,2.800467,1.167524)(-12.419595,2.139079,-0.403759)(-11.944393,3.023421,1.052253)(0.109804,0.466667,0.886275)
(-12.419595,2.139079,-0.403759)(-12.180706,2.362033,-0.363896)(-11.944393,3.023421,1.052253)(0.109804,0.466667,0.886275)
(-11.944393,3.023421,1.052253)(-12.180706,2.362033,-0.363896)(-11.806600,3.312934,0.977683)(0.109804,0.466667,0.886275)
(-12.180706,2.362033,-0.363896)(-12.026166,2.651546,-0.338107)(-11.806600,3.312934,0.977683)(0.109804,0.466667,0.886275)
(-11.806600,3.312934,0.977683)(-12.026166,2.651546,-0.338107)(-11.758948,3.637634,0.951895)(0.109804,0.466667,0.886275)
(-12.026166,2.651546,-0.338107)(-11.972723,2.976246,-0.329189)(-11.758948,3.637634,0.951895)(0.109804,0.466667,0.886275)
(-11.972723,2.976246,-0.329189)(-11.354563,2.314858,-1.471448)(-12.026166,3.300945,-0.338107)(0.109804,0.466667,0.886275)
(-11.354563,2.314858,-1.471448)(-11.391260,2.639557,-1.511311)(-12.026166,3.300945,-0.338107)(0.109804,0.466667,0.886275)
(-12.026166,3.300945,-0.338107)(-11.391260,2.639557,-1.511311)(-12.180706,3.590458,-0.363896)(0.109804,0.466667,0.886275)
(-11.391260,2.639557,-1.511311)(-11.497374,2.929070,-1.626582)(-12.180706,3.590458,-0.363896)(0.109804,0.466667,0.886275)
(-12.180706,3.590458,-0.363896)(-11.497374,2.929070,-1.626582)(-12.419595,3.813412,-0.403759)(0.109804,0.466667,0.886275)
(-11.497374,2.929070,-1.626582)(-11.661407,3.152024,-1.804769)(-12.419595,3.813412,-0.403759)(0.109804,0.466667,0.886275)
(-12.419595,3.813412,-0.403759)(-11.661407,3.152024,-1.804769)(-12.716947,3.945646,-0.453378)(0.109804,0.466667,0.886275)
(-11.661407,3.152024,-1.804769)(-11.865582,3.284258,-2.026562)(-12.716947,3.945646,-0.453378)(0.109804,0.466667,0.886275)
(-12.716947,3.945646,-0.453378)(-11.865582,3.284258,-2.026562)(-13.040537,3.972830,-0.507376)(0.109804,0.466667,0.886275)
(-11.865582,3.284258,-2.026562)(-12.087774,3.311442,-2.267927)(-13.040537,3.972830,-0.507376)(0.109804,0.466667,0.886275)
(-13.040537,3.972830,-0.507376)(-12.087774,3.311442,-2.267927)(-13.355301,3.892019,-0.559901)(0.109804,0.466667,0.886275)
(-12.087774,3.311442,-2.267927)(-12.303906,3.230631,-2.502709)(-13.355301,3.892019,-0.559901)(0.109804,0.466667,0.886275)
(-13.355301,3.892019,-0.559901)(-12.303906,3.230631,-2.502709)(-13.627128,3.711970,-0.605261)(0.109804,0.466667,0.886275)
(-12.303906,3.230631,-2.502709)(-12.490555,3.050582,-2.705464)(-13.627128,3.711970,-0.605261)(0.109804,0.466667,0.886275)
(-13.627128,3.711970,-0.605261)(-12.490555,3.050582,-2.705464)(-13.826563,3.452193,-0.638540)(0.109804,0.466667,0.886275)
(-12.490555,3.050582,-2.705464)(-12.627496,2.790805,-2.854222)(-13.826563,3.452193,-0.638540)(0.109804,0.466667,0.886275)
(-13.826563,3.452193,-0.638540)(-12.627496,2.790805,-2.854222)(-13.931993,3.140840,-0.656134)(0.109804,0.466667,0.886275)
(-12.627496,2.790805,-2.854222)(-12.699889,2.479452,-2.932861)(-13.931993,3.140840,-0.656134)(0.109804,0.466667,0.886275)
(-13.931993,3.140840,-0.656134)(-12.699889,2.479452,-2.932861)(-13.931993,2.811651,-0.656134)(0.109804,0.466667,0.886275)
(-12.699889,2.479452,-2.932861)(-12.699889,2.150263,-2.932861)(-13.931993,2.811651,-0.656134)(0.109804,0.466667,0.886275)
(-13.931993,2.811651,-0.656134)(-12.699889,2.150263,-2.932861)(-13.826563,2.500298,-0.638540)(0.109804,0.466667,0.886275)
(-12.699889,2.150263,-2.932861)(-12.627496,1.838910,-2.854222)(-13.826563,2.500298,-0.638540)(0.109804,0.466667,0.886275)
(-13.826563,2.500298,-0.638540)(-12.627496,1.838910,-2.854222)(-13.627128,2.240522,-0.605261)(0.109804,0.466667,0.886275)
(-12.627496,1.838910,-2.854222)(-12.490555,1.579134,-2.705464)(-13.627128,2.240522,-0.605261)(0.109804,0.466667,0.886275)
(-13.627128,2.240522,-0.605261)(-12.490555,1.579134,-2.705464)(-13.355301,2.060472,-0.559901)(0.109804,0.466667,0.886275)
(-12.490555,1.579134,-2.705464)(-12.303906,1.399084,-2.502709)(-13.355301,2.060472,-0.559901)(0.109804,0.466667,0.886275)
(-13.355301,2.060472,-0.559901)(-12.303906,1.399084,-2.502709)(-13.040537,1.979661,-0.507376)(0.109804,0.466667,0.886275)
(-12.303906,1.399084,-2.502709)(-12.087774,1.318273,-2.267927)(-13.040537,1.979661,-0.507376)(0.109804,0.466667,0.886275)
(-13.040537,1.979661,-0.507376)(-12.087774,1.318273,-2.267927)(-12.716947,2.006845,-0.453378)(0.109804,0.466667,0.886275)
(-12.087774,1.318273,-2.267927)(-11.865582,1.345457,-2.026562)(-12.716947,2.006845,-0.453378)(0.109804,0.466667,0.886275)
(-12.716947,2.006845,-0.453378)(-11.865582,1.345457,-2.026562)(-12.419595,2.139079,-0.403759)(0.109804,0.466667,0.886275)
(-11.865582,1.345457,-2.026562)(-11.661407,1.477691,-1.804769)(-12.419595,2.139079,-0.403759)(0.109804,0.466667,0.886275)
(-12.419595,2.139079,-0.403759)(-11.661407,1.477691,-1.804769)(-12.180706,2.362033,-0.363896)(0.109804,0.466667,0.886275)
(-11.661407,1.477691,-1.804769)(-11.497374,1.700645,-1.626582)(-12.180706,2.362033,-0.363896)(0.109804,0.466667,0.886275)
(-12.180706,2.362033,-0.363896)(-11.497374,1.700645,-1.626582)(-12.026166,2.651546,-0.338107)(0.109804,0.466667,0.886275)
(-11.497374,1.700645,-1.626582)(-11.391260,1.990158,-1.511311)(-12.026166,2.651546,-0.338107)(0.109804,0.466667,0.886275)
(-12.026166,2.651546,-0.338107)(-11.391260,1.990158,-1.511311)(-11.972723,2.976246,-0.329189)(0.109804,0.466667,0.886275)
(-11.391260,1.990158,-1.511311)(-11.354563,2.314858,-1.471448)(-11.972723,2.976246,-0.329189)(0.109804,0.466667,0.886275)
(-11.354563,2.314858,-1.471448)(-10.165159,1.653470,-1.993169)(-11.391260,2.639557,-1.511311)(0.109804,0.466667,0.886275)
(-10.165159,1.653470,-1.993169)(-10.169633,1.978169,-2.047167)(-11.391260,2.639557,-1.511311)(0.109804,0.466667,0.886275)
(-11.391260,2.639557,-1.511311)(-10.169633,1.978169,-2.047167)(-11.497374,2.929070,-1.626582)(0.109804,0.466667,0.886275)
(-10.169633,1.978169,-2.047167)(-10.182571,2.267683,-2.203308)(-11.497374,2.929070,-1.626582)(0.109804,0.466667,0.886275)
(-11.497374,2.929070,-1.626582)(-10.182571,2.267683,-2.203308)(-11.661407,3.152024,-1.804769)(0.109804,0.466667,0.886275)
(-10.182571,2.267683,-2.203308)(-10.202571,2.490636,-2.444673)(-11.661407,3.152024,-1.804769)(0.109804,0.466667,0.886275)
(-11.661407,3.152024,-1.804769)(-10.202571,2.490636,-2.444673)(-11.865582,3.284258,-2.026562)(0.109804,0.466667,0.886275)
(-10.202571,2.490636,-2.444673)(-10.227466,2.622870,-2.745106)(-11.865582,3.284258,-2.026562)(0.109804,0.466667,0.886275)
(-11.865582,3.284258,-2.026562)(-10.227466,2.622870,-2.745106)(-12.087774,3.311442,-2.267927)(0.109804,0.466667,0.886275)
(-10.227466,2.622870,-2.745106)(-10.254557,2.650054,-3.072051)(-12.087774,3.311442,-2.267927)(0.109804,0.466667,0.886275)
(-12.087774,3.311442,-2.267927)(-10.254557,2.650054,-3.072051)(-12.303906,3.230631,-2.502709)(0.109804,0.466667,0.886275)
(-10.254557,2.650054,-3.072051)(-10.280910,2.569243,-3.390077)(-12.303906,3.230631,-2.502709)(0.109804,0.466667,0.886275)
(-12.303906,3.230631,-2.502709)(-10.280910,2.569243,-3.390077)(-12.490555,3.050582,-2.705464)(0.109804,0.466667,0.886275)
(-10.280910,2.569243,-3.390077)(-10.303668,2.389194,-3.664722)(-12.490555,3.050582,-2.705464)(0.109804,0.466667,0.886275)
(-12.490555,3.050582,-2.705464)(-10.303668,2.389194,-3.664722)(-12.627496,2.790805,-2.854222)(0.109804,0.466667,0.886275)
(-10.303668,2.389194,-3.664722)(-10.320364,2.129417,-3.866223)(-12.627496,2.790805,-2.854222)(0.109804,0.466667,0.886275)
(-12.627496,2.790805,-2.854222)(-10.320364,2.129417,-3.866223)(-12.699889,2.479452,-2.932861)(0.109804,0.466667,0.886275)
(-10.320364,2.129417,-3.866223)(-10.329191,1.818064,-3.972746)(-12.699889,2.479452,-2.932861)(0.109804,0.466667,0.886275)
(-12.699889,2.479452,-2.932861)(-10.329191,1.818064,-3.972746)(-12.699889,2.150263,-2.932861)(0.109804,0.466667,0.886275)
(-10.329191,1.818064,-3.972746)(-10.329191,1.488875,-3.972746)(-12.699889,2.150263,-2.932861)(0.109804,0.466667,0.886275)
(-12.699889,2.150263,-2.932861)(-10.329191,1.488875,-3.972746)(-12.627496,1.838910,-2.854222)(0.109804,0.466667,0.886275)
(-10.329191,1.488875,-3.972746)(-10.320364,1.177522,-3.866223)(-12.627496,1.838910,-2.854222)(0.109804,0.466667,0.886275)
(-12.627496,1.838910,-2.854222)(-10.320364,1.177522,-3.866223)(-12.490555,1.579134,-2.705464)(0.109804,0.466667,0.886275)
(-10.320364,1.177522,-3.866223)(-10.303668,0.917746,-3.664722)(-12.490555,1.579134,-2.705464)(0.109804,0.466667,0.886275)
(-12.490555,1.579134,-2.705464)(-10.303668,0.917746,-3.664722)(-12.303906,1.399084,-2.502709)(0.109804,0.466667,0.886275)
(-10.303668,0.917746,-3.664722)(-10.280910,0.737696,-3.390077)(-12.303906,1.399084,-2.502709)(0.109804,0.466667,0.886275)
(-12.303906,1.399084,-2.502709)(-10.280910,0.737696,-3.390077)(-12.087774,1.318273,-2.267927)(0.109804,0.466667,0.886275)
(-10.280910,0.737696,-3.390077)(-10.254557,0.656885,-3.072051)(-12.087774,1.318273,-2.267927)(0.109804,0.466667,0.886275)
(-12.087774,1.318273,-2.267927)(-10.254557,0.656885,-3.072051)(-11.865582,1.345457,-2.026562)(0.109804,0.466667,0.886275)
(-10.254557,0.656885,-3.072051)(-10.227466,0.684070,-2.745106)(-11.865582,1.345457,-2.026562)(0.109804,0.466667,0.886275)
(-11.865582,1.345457,-2.026562)(-10.227466,0.684070,-2.745106)(-11.661407,1.477691,-1.804769)(0.109804,0.466667,0.886275)
(-10.227466,0.684070,-2.745106)(-10.202571,0.816303,-2.444673)(-11.661407,1.477691,-1.804769)(0.109804,0.466667,0.886275)
(-11.661407,1.477691,-1.804769)(-10.202571,0.816303,-2.444673)(-11.497374,1.700645,-1.626582)(0.109804,0.466667,0.886275)
(-10.202571,0.816303,-2.444673)(-10.182571,1.039257,-2.203308)(-11.497374,1.700645,-1.626582)(0.109804,0.466667,0.886275)
(-11.497374,1.700645,-1.626582)(-10.182571,1.039257,-2.203308)(-11.391260,1.990158,-1.511311)(0.109804,0.466667,0.886275)
(-10.182571,1.039257,-2.203308)(-10.169633,1.328770,-2.047167)(-11.391260,1.990158,-1.511311)(0.109804,0.466667,0.886275)
(-11.391260,1.990158,-1.511311)(-10.169633,1.328770,-2.047167)(-11.354563,2.314858,-1.471448)(0.109804,0.466667,0.886275)
(-10.169633,1.328770,-2.047167)(-10.165159,1.653470,-1.993169)(-11.354563,2.314858,-1.471448)(0.109804,0.466667,0.886275)
(-10.165159,1.653470,-1.993169)(-8.906104,0.992082,-1.674333)(-10.169633,1.978169,-2.047167)(0.109804,0.466667,0.886275)
(-8.906104,0.992082,-1.674333)(-8.876469,1.316781,-1.719693)(-10.169633,1.978169,-2.047167)(0.109804,0.466667,0.886275)
(-10.169633,1.978169,-2.047167)(-8.876469,1.316781,-1.719693)(-10.182571,2.267683,-2.203308)(0.109804,0.466667,0.886275)
(-8.876469,1.316781,-1.719693)(-8.790774,1.606295,-1.850857)(-10.182571,2.267683,-2.203308)(0.109804,0.466667,0.886275)
(-10.182571,2.267683,-2.203308)(-8.790774,1.606295,-1.850857)(-10.202571,2.490636,-2.444673)(0.109804,0.466667,0.886275)
(-8.790774,1.606295,-1.850857)(-8.658308,1.829248,-2.053613)(-10.202571,2.490636,-2.444673)(0.109804,0.466667,0.886275)
(-10.202571,2.490636,-2.444673)(-8.658308,1.829248,-2.053613)(-10.227466,2.622870,-2.745106)(0.109804,0.466667,0.886275)
(-8.658308,1.829248,-2.053613)(-8.493423,1.961482,-2.305987)(-10.227466,2.622870,-2.745106)(0.109804,0.466667,0.886275)
(-10.227466,2.622870,-2.745106)(-8.493423,1.961482,-2.305987)(-10.254557,2.650054,-3.072051)(0.109804,0.466667,0.886275)
(-8.493423,1.961482,-2.305987)(-8.313989,1.988666,-2.580632)(-10.254557,2.650054,-3.072051)(0.109804,0.466667,0.886275)
(-10.254557,2.650054,-3.072051)(-8.313989,1.988666,-2.580632)(-10.280910,2.569243,-3.390077)(0.109804,0.466667,0.886275)
(-8.313989,1.988666,-2.580632)(-8.139449,1.907855,-2.847785)(-10.280910,2.569243,-3.390077)(0.109804,0.466667,0.886275)
(-10.280910,2.569243,-3.390077)(-8.139449,1.907855,-2.847785)(-10.303668,2.389194,-3.664722)(0.109804,0.466667,0.886275)
(-8.139449,1.907855,-2.847785)(-7.988718,1.727806,-3.078497)(-10.303668,2.389194,-3.664722)(0.109804,0.466667,0.886275)
(-10.303668,2.389194,-3.664722)(-7.988718,1.727806,-3.078497)(-10.320364,2.129417,-3.866223)(0.109804,0.466667,0.886275)
(-7.988718,1.727806,-3.078497)(-7.878129,1.468029,-3.247765)(-10.320364,2.129417,-3.866223)(0.109804,0.466667,0.886275)
(-10.320364,2.129417,-3.866223)(-7.878129,1.468029,-3.247765)(-10.329191,1.818064,-3.972746)(0.109804,0.466667,0.886275)
(-7.878129,1.468029,-3.247765)(-7.819667,1.156676,-3.337248)(-10.329191,1.818064,-3.972746)(0.109804,0.466667,0.886275)
(-10.329191,1.818064,-3.972746)(-7.819667,1.156676,-3.337248)(-10.329191,1.488875,-3.972746)(0.109804,0.466667,0.886275)
(-7.819667,1.156676,-3.337248)(-7.819667,0.827487,-3.337248)(-10.329191,1.488875,-3.972746)(0.109804,0.466667,0.886275)
(-10.329191,1.488875,-3.972746)(-7.819667,0.827487,-3.337248)(-10.320364,1.177522,-3.866223)(0.109804,0.466667,0.886275)
(-7.819667,0.827487,-3.337248)(-7.878129,0.516134,-3.247765)(-10.320364,1.177522,-3.866223)(0.109804,0.466667,0.886275)
(-10.320364,1.177522,-3.866223)(-7.878129,0.516134,-3.247765)(-10.303668,0.917746,-3.664722)(0.109804,0.466667,0.886275)
(-7.878129,0.516134,-3.247765)(-7.988718,0.256358,-3.078497)(-10.303668,0.917746,-3.664722)(0.109804,0.466667,0.886275)
(-10.303668,0.917746,-3.664722)(-7.988718,0.256358,-3.078497)(-10.280910,0.737696,-3.390077)(0.109804,0.466667,0.886275)
(-7.988718,0.256358,-3.078497)(-8.139449,0.076309,-2.847785)(-10.280910,0.737696,-3.390077)(0.109804,0.466667,0.886275)
(-10.280910,0.737696,-3.390077)(-8.139449,0.076309,-2.847785)(-10.254557,0.656885,-3.072051)(0.109804,0.466667,0.886275)
(-8.139449,0.076309,-2.847785)(-8.313989,-0.004503,-2.580632)(-10.254557,0.656885,-3.072051)(0.109804,0.466667,0.886275)
(-10.254557,0.656885,-3.072051)(-8.313989,-0.004503,-2.580632)(-10.227466,0.684070,-2.745106)(0.109804,0.466667,0.886275)
(-8.313989,-0.004503,-2.580632)(-8.493423,0.022682,-2.305987)(-10.227466,0.684070,-2.745106)(0.109804,0.466667,0.886275)
(-10.227466,0.684070,-2.745106)(-8.493423,0.022682,-2.305987)(-10.202571,0.816303,-2.444673)(0.109804,0.466667,0.886275)
(-8.493423,0.022682,-2.305987)(-8.658308,0.154915,-2.053613)(-10.202571,0.816303,-2.444673)(0.109804,0.466667,0.886275)
(-10.202571,0.816303,-2.444673)(-8.658308,0.154915,-2.053613)(-10.182571,1.039257,-2.203308)(0.109804,0.466667,0.886275)
(-8.658308,0.154915,-2.053613)(-8.790774,0.377869,-1.850857)(-10.182571,1.039257,-2.203308)(0.109804,0.466667,0.886275)
(-10.182571,1.039257,-2.203308)(-8.790774,0.377869,-1.850857)(-10.169633,1.328770,-2.047167)(0.109804,0.466667,0.886275)
(-8.790774,0.377869,-1.850857)(-8.876469,0.667382,-1.719693)(-10.169633,1.328770,-2.047167)(0.109804,0.466667,0.886275)
(-10.169633,1.328770,-2.047167)(-8.876469,0.667382,-1.719693)(-10.165159,1.653470,-1.993169)(0.109804,0.466667,0.886275)
(-8.876469,0.667382,-1.719693)(-8.906104,0.992082,-1.674333)(-10.165159,1.653470,-1.993169)(0.109804,0.466667,0.886275)
(-8.906104,0.992082,-1.674333)(-8.108366,0.330694,-0.649399)(-8.876469,1.316781,-1.719693)(0.109804,0.466667,0.886275)
(-8.108366,0.330694,-0.649399)(-8.057119,0.655393,-0.666992)(-8.876469,1.316781,-1.719693)(0.109804,0.466667,0.886275)
(-8.876469,1.316781,-1.719693)(-8.057119,0.655393,-0.666992)(-8.790774,1.606295,-1.850857)(0.109804,0.466667,0.886275)
(-8.057119,0.655393,-0.666992)(-7.908931,0.944907,-0.717865)(-8.790774,1.606295,-1.850857)(0.109804,0.466667,0.886275)
(-8.790774,1.606295,-1.850857)(-7.908931,0.944907,-0.717865)(-8.658308,1.829248,-2.053613)(0.109804,0.466667,0.886275)
(-7.908931,0.944907,-0.717865)(-7.679861,1.167860,-0.796505)(-8.658308,1.829248,-2.053613)(0.109804,0.466667,0.886275)
(-8.658308,1.829248,-2.053613)(-7.679861,1.167860,-0.796505)(-8.493423,1.961482,-2.305987)(0.109804,0.466667,0.886275)
(-7.679861,1.167860,-0.796505)(-7.394733,1.300094,-0.894389)(-8.493423,1.961482,-2.305987)(0.109804,0.466667,0.886275)
(-8.493423,1.961482,-2.305987)(-7.394733,1.300094,-0.894389)(-8.313989,1.988666,-2.580632)(0.109804,0.466667,0.886275)
(-7.394733,1.300094,-0.894389)(-7.084443,1.327278,-1.000912)(-8.313989,1.988666,-2.580632)(0.109804,0.466667,0.886275)
(-8.313989,1.988666,-2.580632)(-7.084443,1.327278,-1.000912)(-8.139449,1.907855,-2.847785)(0.109804,0.466667,0.886275)
(-7.084443,1.327278,-1.000912)(-6.782618,1.246467,-1.104529)(-8.139449,1.907855,-2.847785)(0.109804,0.466667,0.886275)
(-8.139449,1.907855,-2.847785)(-6.782618,1.246467,-1.104529)(-7.988718,1.727806,-3.078497)(0.109804,0.466667,0.886275)
(-6.782618,1.246467,-1.104529)(-6.521964,1.066418,-1.194011)(-7.988718,1.727806,-3.078497)(0.109804,0.466667,0.886275)
(-7.988718,1.727806,-3.078497)(-6.521964,1.066418,-1.194011)(-7.878129,1.468029,-3.247765)(0.109804,0.466667,0.886275)
(-6.521964,1.066418,-1.194011)(-6.330727,0.806641,-1.259663)(-7.878129,1.468029,-3.247765)(0.109804,0.466667,0.886275)
(-7.878129,1.468029,-3.247765)(-6.330727,0.806641,-1.259663)(-7.819667,1.156676,-3.337248)(0.109804,0.466667,0.886275)
(-6.330727,0.806641,-1.259663)(-6.229631,0.495289,-1.294369)(-7.819667,1.156676,-3.337248)(0.109804,0.466667,0.886275)
(-7.819667,1.156676,-3.337248)(-6.229631,0.495289,-1.294369)(-7.819667,0.827487,-3.337248)(0.109804,0.466667,0.886275)
(-6.229631,0.495289,-1.294369)(-6.229631,0.166099,-1.294369)(-7.819667,0.827487,-3.337248)(0.109804,0.466667,0.886275)
(-7.819667,0.827487,-3.337248)(-6.229631,0.166099,-1.294369)(-7.878129,0.516134,-3.247765)(0.109804,0.466667,0.886275)
(-6.229631,0.166099,-1.294369)(-6.330727,-0.145253,-1.259663)(-7.878129,0.516134,-3.247765)(0.109804,0.466667,0.886275)
(-7.878129,0.516134,-3.247765)(-6.330727,-0.145253,-1.259663)(-7.988718,0.256358,-3.078497)(0.109804,0.466667,0.886275)
(-6.330727,-0.145253,-1.259663)(-6.521964,-0.405030,-1.194011)(-7.988718,0.256358,-3.078497)(0.109804,0.466667,0.886275)
(-7.988718,0.256358,-3.078497)(-6.521964,-0.405030,-1.194011)(-8.139449,0.076309,-2.847785)(0.109804,0.466667,0.886275)
(-6.521964,-0.405030,-1.194011)(-6.782618,-0.585079,-1.104529)(-8.139449,0.076309,-2.847785)(0.109804,0.466667,0.886275)
(-8.139449,0.076309,-2.847785)(-6.782618,-0.585079,-1.104529)(-8.313989,-0.004503,-2.580632)(0.109804,0.466667,0.886275)
(-6.782618,-0.585079,-1.104529)(-7.084443,-0.665891,-1.000912)(-8.313989,-0.004503,-2.580632)(0.109804,0.466667,0.886275)
(-8.313989,-0.004503,-2.580632)(-7.084443,-0.665891,-1.000912)(-8.493423,0.022682,-2.305987)(0.109804,0.466667,0.886275)
(-7.084443,-0.665891,-1.000912)(-7.394733,-0.638706,-0.894389)(-8.493423,0.022682,-2.305987)(0.109804,0.466667,0.886275)
(-8.493423,0.022682,-2.305987)(-7.394733,-0.638706,-0.894389)(-8.658308,0.154915,-2.053613)(0.109804,0.466667,0.886275)
(-7.394733,-0.638706,-0.894389)(-7.679861,-0.506473,-0.796505)(-8.658308,0.154915,-2.053613)(0.109804,0.466667,0.886275)
(-8.658308,0.154915,-2.053613)(-7.679861,-0.506473,-0.796505)(-8.790774,0.377869,-1.850857)(0.109804,0.466667,0.886275)
(-7.679861,-0.506473,-0.796505)(-7.908931,-0.283519,-0.717865)(-8.790774,0.377869,-1.850857)(0.109804,0.466667,0.886275)
(-8.790774,0.377869,-1.850857)(-7.908931,-0.283519,-0.717865)(-8.876469,0.667382,-1.719693)(0.109804,0.466667,0.886275)
(-7.908931,-0.283519,-0.717865)(-8.057119,0.005994,-0.666992)(-8.876469,0.667382,-1.719693)(0.109804,0.466667,0.886275)
(-8.876469,0.667382,-1.719693)(-8.057119,0.005994,-0.666992)(-8.906104,0.992082,-1.674333)(0.109804,0.466667,0.886275)
(-8.057119,0.005994,-0.666992)(-8.108366,0.330694,-0.649399)(-8.906104,0.992082,-1.674333)(0.109804,0.466667,0.886275)
(-8.108366,0.330694,-0.649399)(-8.108366,-0.330694,0.649399)(-8.057119,0.655393,-0.666992)(0.109804,0.466667,0.886275)
(-8.108366,-0.330694,0.649399)(-8.057119,-0.005994,0.666992)(-8.057119,0.655393,-0.666992)(0.109804,0.466667,0.886275)
(-8.057119,0.655393,-0.666992)(-8.057119,-0.005994,0.666992)(-7.908931,0.944907,-0.717865)(0.109804,0.466667,0.886275)
(-8.057119,-0.005994,0.666992)(-7.908931,0.283519,0.717865)(-7.908931,0.944907,-0.717865)(0.109804,0.466667,0.886275)
(-7.908931,0.944907,-0.717865)(-7.908931,0.283519,0.717865)(-7.679861,1.167860,-0.796505)(0.109804,0.466667,0.886275)
(-7.908931,0.283519,0.717865)(-7.679861,0.506473,0.796505)(-7.679861,1.167860,-0.796505)(0.109804,0.466667,0.886275)
(-7.679861,1.167860,-0.796505)(-7.679861,0.506473,0.796505)(-7.394733,1.300094,-0.894389)(0.109804,0.466667,0.886275)
(-7.679861,0.506473,0.796505)(-7.394733,0.638706,0.894389)(-7.394733,1.300094,-0.894389)(0.109804,0.466667,0.886275)
(-7.394733,1.300094,-0.894389)(-7.394733,0.638706,0.894389)(-7.084443,1.327278,-1.000912)(0.109804,0.466667,0.886275)
(-7.394733,0.638706,0.894389)(-7.084443,0.665891,1.000912)(-7.084443,1.327278,-1.000912)(0.109804,0.466667,0.886275)
(-7.084443,1.327278,-1.000912)(-7.084443,0.665891,1.000912)(-6.782618,1.246467,-1.104529)(0.109804,0.466667,0.886275)
(-7.084443,0.665891,1.000912)(-6.782618,0.585079,1.104529)(-6.782618,1.246467,-1.104529)(0.109804,0.466667,0.886275)
(-6.782618,1.246467,-1.104529)(-6.782618,0.585079,1.104529)(-6.521964,1.066418,-1.194011)(0.109804,0.466667,0.886275)
(-6.782618,0.585079,1.104529)(-6.521964,0.405030,1.194011)(-6.521964,1.066418,-1.194011)(0.109804,0.466667,0.886275)
(-6.521964,1.066418,-1.194011)(-6.521964,0.405030,1.194011)(-6.330727,0.806641,-1.259663)(0.109804,0.466667,0.886275)
(-6.521964,0.405030,1.194011)(-6.330727,0.145253,1.259663)(-6.330727,0.806641,-1.259663)(0.109804,0.466667,0.886275)
(-6.330727,0.806641,-1.259663)(-6.330727,0.145253,1.259663)(-6.229631,0.495289,-1.294369)(0.109804,0.466667,0.886275)
(-6.330727,0.145253,1.259663)(-6.229631,-0.166099,1.294369)(-6.229631,0.495289,-1.294369)(0.109804,0.466667,0.886275)
(-6.229631,0.495289,-1.294369)(-6.229631,-0.166099,1.294369)(-6.229631,0.166099,-1.294369)(0.109804,0.466667,0.886275)
(-6.229631,-0.166099,1.294369)(-6.229631,-0.495289,1.294369)(-6.229631,0.166099,-1.294369)(0.109804,0.466667,0.886275)
(-6.229631,0.166099,-1.294369)(-6.229631,-0.495289,1.294369)(-6.330727,-0.145253,-1.259663)(0.109804,0.466667,0.886275)
(-6.229631,-0.495289,1.294369)(-6.330727,-0.806641,1.259663)(-6.330727,-0.145253,-1.259663)(0.109804,0.466667,0.886275)
(-6.330727,-0.145253,-1.259663)(-6.330727,-0.806641,1.259663)(-6.521964,-0.405030,-1.194011)(0.109804,0.466667,0.886275)
(-6.330727,-0.806641,1.259663)(-6.521964,-1.066418,1.194011)(-6.521964,-0.405030,-1.194011)(0.109804,0.466667,0.886275)
(-6.521964,-0.405030,-1.194011)(-6.521964,-1.066418,1.194011)(-6.782618,-0.585079,-1.104529)(0.109804,0.466667,0.886275)
(-6.521964,-1.066418,1.194011)(-6.782618,-1.246467,1.104529)(-6.782618,-0.585079,-1.104529)(0.109804,0.466667,0.886275)
(-6.782618,-0.585079,-1.104529)(-6.782618,-1.246467,1.104529)(-7.084443,-0.665891,-1.000912)(0.109804,0.466667,0.886275)
(-6.782618,-1.246467,1.104529)(-7.084443,-1.327278,1.000912)(-7.084443,-0.665891,-1.000912)(0.109804,0.466667,0.886275)
(-7.084443,-0.665891,-1.000912)(-7.084443,-1.327278,1.000912)(-7.394733,-0.638706,-0.894389)(0.109804,0.466667,0.886275)
(-7.084443,-1.327278,1.000912)(-7.394733,-1.300094,0.894389)(-7.394733,-0.638706,-0.894389)(0.109804,0.466667,0.886275)
(-7.394733,-0.638706,-0.894389)(-7.394733,-1.300094,0.894389)(-7.679861,-0.506473,-0.796505)(0.109804,0.466667,0.886275)
(-7.394733,-1.300094,0.894389)(-7.679861,-1.167860,0.796505)(-7.679861,-0.506473,-0.796505)(0.109804,0.466667,0.886275)
(-7.679861,-0.506473,-0.796505)(-7.679861,-1.167860,0.796505)(-7.908931,-0.283519,-0.717865)(0.109804,0.466667,0.886275)
(-7.679861,-1.167860,0.796505)(-7.908931,-0.944907,0.717865)(-7.908931,-0.283519,-0.717865)(0.109804,0.466667,0.886275)
(-7.908931,-0.283519,-0.717865)(-7.908931,-0.944907,0.717865)(-8.057119,0.005994,-0.666992)(0.109804,0.466667,0.886275)
(-7.908931,-0.944907,0.717865)(-8.057119,-0.655393,0.666992)(-8.057119,0.005994,-0.666992)(0.109804,0.466667,0.886275)
(-8.057119,0.005994,-0.666992)(-8.057119,-0.655393,0.666992)(-8.108366,0.330694,-0.649399)(0.109804,0.466667,0.886275)
(-8.057119,-0.655393,0.666992)(-8.108366,-0.330694,0.649399)(-8.108366,0.330694,-0.649399)(0.109804,0.466667,0.886275)
(-8.108366,-0.330694,0.649399)(-8.906104,-0.992082,1.674333)(-8.057119,-0.005994,0.666992)(0.109804,0.466667,0.886275)
(-8.906104,-0.992082,1.674333)(-8.876469,-0.667382,1.719693)(-8.057119,-0.005994,0.666992)(0.109804,0.466667,0.886275)
(-8.057119,-0.005994,0.666992)(-8.876469,-0.667382,1.719693)(-7.908931,0.283519,0.717865)(0.109804,0.466667,0.886275)
(-8.876469,-0.667382,1.719693)(-8.790774,-0.377869,1.850857)(-7.908931,0.283519,0.717865)(0.109804,0.466667,0.886275)
(-7.908931,0.283519,0.717865)(-8.790774,-0.377869,1.850857)(-7.679861,0.506473,0.796505)(0.109804,0.466667,0.886275)
(-8.790774,-0.377869,1.850857)(-8.658308,-0.154915,2.053613)(-7.679861,0.506473,0.796505)(0.109804,0.466667,0.886275)
(-7.679861,0.506473,0.796505)(-8.658308,-0.154915,2.053613)(-7.394733,0.638706,0.894389)(0.109804,0.466667,0.886275)
(-8.658308,-0.154915,2.053613)(-8.493423,-0.022682,2.305987)(-7.394733,0.638706,0.894389)(0.109804,0.466667,0.886275)
(-7.394733,0.638706,0.894389)(-8.493423,-0.022682,2.305987)(-7.084443,0.665891,1.000912)(0.109804,0.466667,0.886275)
(-8.493423,-0.022682,2.305987)(-8.313989,0.004503,2.580632)(-7.084443,0.665891,1.000912)(0.109804,0.466667,0.886275)
(-7.084443,0.665891,1.000912)(-8.313989,0.004503,2.580632)(-6.782618,0.585079,1.104529)(0.109804,0.466667,0.886275)
(-8.313989,0.004503,2.580632)(-8.139449,-0.076309,2.847785)(-6.782618,0.585079,1.104529)(0.109804,0.466667,0.886275)
(-6.782618,0.585079,1.104529)(-8.139449,-0.076309,2.847785)(-6.521964,0.405030,1.194011)(0.109804,0.466667,0.886275)
(-8.139449,-0.076309,2.847785)(-7.988718,-0.256358,3.078497)(-6.521964,0.405030,1.194011)(0.109804,0.466667,0.886275)
(-6.521964,0.405030,1.194011)(-7.988718,-0.256358,3.078497)(-6.330727,0.145253,1.259663)(0.109804,0.466667,0.886275)
(-7.988718,-0.256358,3.078497)(-7.878129,-0.516134,3.247765)(-6.330727,0.145253,1.259663)(0.109804,0.466667,0.886275)
(-6.330727,0.145253,1.259663)(-7.878129,-0.516134,3.247765)(-6.229631,-0.166099,1.294369)(0.109804,0.466667,0.886275)
(-7.878129,-0.516134,3.247765)(-7.819667,-0.827487,3.337248)(-6.229631,-0.166099,1.294369)(0.109804,0.466667,0.886275)
(-6.229631,-0.166099,1.294369)(-7.819667,-0.827487,3.337248)(-6.229631,-0.495289,1.294369)(0.109804,0.466667,0.886275)
(-7.819667,-0.827487,3.337248)(-7.819667,-1.156676,3.337248)(-6.229631,-0.495289,1.294369)(0.109804,0.466667,0.886275)
(-6.229631,-0.495289,1.294369)(-7.819667,-1.156676,3.337248)(-6.330727,-0.806641,1.259663)(0.109804,0.466667,0.886275)
(-7.819667,-1.156676,3.337248)(-7.878129,-1.468029,3.247765)(-6.330727,-0.806641,1.259663)(0.109804,0.466667,0.886275)
(-6.330727,-0.806641,1.259663)(-7.878129,-1.468029,3.247765)(-6.521964,-1.066418,1.194011)(0.109804,0.466667,0.886275)
(-7.878129,-1.468029,3.247765)(-7.988718,-1.727806,3.078497)(-6.521964,-1.066418,1.194011)(0.109804,0.466667,0.886275)
(-6.521964,-1.066418,1.194011)(-7.988718,-1.727806,3.078497)(-6.782618,-1.246467,1.104529)(0.109804,0.466667,0.886275)
(-7.988718,-1.727806,3.078497)(-8.139449,-1.907855,2.847785)(-6.782618,-1.246467,1.104529)(0.109804,0.466667,0.886275)
(-6.782618,-1.246467,1.104529)(-8.139449,-1.907855,2.847785)(-7.084443,-1.327278,1.000912)(0.109804,0.466667,0.886275)
(-8.139449,-1.907855,2.847785)(-8.313989,-1.988666,2.580632)(-7.084443,-1.327278,1.000912)(0.109804,0.466667,0.886275)
(-7.084443,-1.327278,1.000912)(-8.313989,-1.988666,2.580632)(-7.394733,-1.300094,0.894389)(0.109804,0.466667,0.886275)
(-8.313989,-1.988666,2.580632)(-8.493423,-1.961482,2.305987)(-7.394733,-1.300094,0.894389)(0.109804,0.466667,0.886275)
(-7.394733,-1.300094,0.894389)(-8.493423,-1.961482,2.305987)(-7.679861,-1.167860,0.796505)(0.109804,0.466667,0.886275)
(-8.493423,-1.961482,2.305987)(-8.658308,-1.829248,2.053613)(-7.679861,-1.167860,0.796505)(0.109804,0.466667,0.886275)
(-7.679861,-1.167860,0.796505)(-8.658308,-1.829248,2.053613)(-7.908931,-0.944907,0.717865)(0.109804,0.466667,0.886275)
(-8.658308,-1.829248,2.053613)(-8.790774,-1.606295,1.850857)(-7.908931,-0.944907,0.717865)(0.109804,0.466667,0.886275)
(-7.908931,-0.944907,0.717865)(-8.790774,-1.606295,1.850857)(-8.057119,-0.655393,0.666992)(0.109804,0.466667,0.886275)
(-8.790774,-1.606295,1.850857)(-8.876469,-1.316781,1.719693)(-8.057119,-0.655393,0.666992)(0.109804,0.466667,0.886275)
(-8.057119,-0.655393,0.666992)(-8.876469,-1.316781,1.719693)(-8.108366,-0.330694,0.649399)(0.109804,0.466667,0.886275)
(-8.876469,-1.316781,1.719693)(-8.906104,-0.992082,1.674333)(-8.108366,-0.330694,0.649399)(0.109804,0.466667,0.886275)
(-8.906104,-0.992082,1.674333)(-10.165159,-1.653470,1.993169)(-8.876469,-0.667382,1.719693)(0.109804,0.466667,0.886275)
(-10.165159,-1.653470,1.993169)(-10.169633,-1.328770,2.047167)(-8.876469,-0.667382,1.719693)(0.109804,0.466667,0.886275)
(-8.876469,-0.667382,1.719693)(-10.169633,-1.328770,2.047167)(-8.790774,-0.377869,1.850857)(0.109804,0.466667,0.886275)
(-10.169633,-1.328770,2.047167)(-10.182571,-1.039257,2.203308)(-8.790774,-0.377869,1.850857)(0.109804,0.466667,0.886275)
(-8.790774,-0.377869,1.850857)(-10.182571,-1.039257,2.203308)(-8.658308,-0.154915,2.053613)(0.109804,0.466667,0.886275)
(-10.182571,-1.039257,2.203308)(-10.202571,-0.816303,2.444673)(-8.658308,-0.154915,2.053613)(0.109804,0.466667,0.886275)
(-8.658308,-0.154915,2.053613)(-10.202571,-0.816303,2.444673)(-8.493423,-0.022682,2.305987)(0.109804,0.466667,0.886275)
(-10.202571,-0.816303,2.444673)(-10.227466,-0.684070,2.745106)(-8.493423,-0.022682,2.305987)(0.109804,0.466667,0.886275)
(-8.493423,-0.022682,2.305987)(-10.227466,-0.684070,2.745106)(-8.313989,0.004503,2.580632)(0.109804,0.466667,0.886275)
(-10.227466,-0.684070,2.745106)(-10.254557,-0.656885,3.072051)(-8.313989,0.004503,2.580632)(0.109804,0.466667,0.886275)
(-8.313989,0.004503,2.580632)(-10.254557,-0.656885,3.072051)(-8.139449,-0.076309,2.847785)(0.109804,0.466667,0.886275)
(-10.254557,-0.656885,3.072051)(-10.280910,-0.737696,3.390077)(-8.139449,-0.076309,2.847785)(0.109804,0.466667,0.886275)
(-8.139449,-0.076309,2.847785)(-10.280910,-0.737696,3.390077)(-7.988718,-0.256358,3.078497)(0.109804,0.466667,0.886275)
(-10.280910,-0.737696,3.390077)(-10.303668,-0.917746,3.664722)(-7.988718,-0.256358,3.078497)(0.109804,0.466667,0.886275)
(-7.988718,-0.256358,3.078497)(-10.303668,-0.917746,3.664722)(-7.878129,-0.516134,3.247765)(0.109804,0.466667,0.886275)
(-10.303668,-0.917746,3.664722)(-10.320364,-1.177522,3.866223)(-7.878129,-0.516134,3.247765)(0.109804,0.466667,0.886275)
(-7.878129,-0.516134,3.247765)(-10.320364,-1.177522,3.866223)(-7.819667,-0.827487,3.337248)(0.109804,0.466667,0.886275)
(-10.320364,-1.177522,3.866223)(-10.329191,-1.488875,3.972746)(-7.819667,-0.827487,3.337248)(0.109804,0.466667,0.886275)
(-7.819667,-0.827487,3.337248)(-10.329191,-1.488875,3.972746)(-7.819667,-1.156676,3.337248)(0.109804,0.466667,0.886275)
(-10.329191,-1.488875,3.972746)(-10.329191,-1.818064,3.972746)(-7.819667,-1.156676,3.337248)(0.109804,0.466667,0.886275)
(-7.819667,-1.156676,3.337248)(-10.329191,-1.818064,3.972746)(-7.878129,-1.468029,3.247765)(0.109804,0.466667,0.886275)
(-10.329191,-1.818064,3.972746)(-10.320364,-2.129417,3.866223)(-7.878129,-1.468029,3.247765)(0.109804,0.466667,0.886275)
(-7.878129,-1.468029,3.247765)(-10.320364,-2.129417,3.866223)(-7.988718,-1.727806,3.078497)(0.109804,0.466667,0.886275)
(-10.320364,-2.129417,3.866223)(-10.303668,-2.389194,3.664722)(-7.988718,-1.727806,3.078497)(0.109804,0.466667,0.886275)
(-7.988718,-1.727806,3.078497)(-10.303668,-2.389194,3.664722)(-8.139449,-1.907855,2.847785)(0.109804,0.466667,0.886275)
(-10.303668,-2.389194,3.664722)(-10.280910,-2.569243,3.390077)(-8.139449,-1.907855,2.847785)(0.109804,0.466667,0.886275)
(-8.139449,-1.907855,2.847785)(-10.280910,-2.569243,3.390077)(-8.313989,-1.988666,2.580632)(0.109804,0.466667,0.886275)
(-10.280910,-2.569243,3.390077)(-10.254557,-2.650054,3.072051)(-8.313989,-1.988666,2.580632)(0.109804,0.466667,0.886275)
(-8.313989,-1.988666,2.580632)(-10.254557,-2.650054,3.072051)(-8.493423,-1.961482,2.305987)(0.109804,0.466667,0.886275)
(-10.254557,-2.650054,3.072051)(-10.227466,-2.622870,2.745106)(-8.493423,-1.961482,2.305987)(0.109804,0.466667,0.886275)
(-8.493423,-1.961482,2.305987)(-10.227466,-2.622870,2.745106)(-8.658308,-1.829248,2.053613)(0.109804,0.466667,0.886275)
(-10.227466,-2.622870,2.745106)(-10.202571,-2.490636,2.444673)(-8.658308,-1.829248,2.053613)(0.109804,0.466667,0.886275)
(-8.658308,-1.829248,2.053613)(-10.202571,-2.490636,2.444673)(-8.790774,-1.606295,1.850857)(0.109804,0.466667,0.886275)
(-10.202571,-2.490636,2.444673)(-10.182571,-2.267683,2.203308)(-8.790774,-1.606295,1.850857)(0.109804,0.466667,0.886275)
(-8.790774,-1.606295,1.850857)(-10.182571,-2.267683,2.203308)(-8.876469,-1.316781,1.719693)(0.109804,0.466667,0.886275)
(-10.182571,-2.267683,2.203308)(-10.169633,-1.978169,2.047167)(-8.876469,-1.316781,1.719693)(0.109804,0.466667,0.886275)
(-8.876469,-1.316781,1.719693)(-10.169633,-1.978169,2.047167)(-8.906104,-0.992082,1.674333)(0.109804,0.466667,0.886275)
(-10.169633,-1.978169,2.047167)(-10.165159,-1.653470,1.993169)(-8.906104,-0.992082,1.674333)(0.109804,0.466667,0.886275)
(-10.165159,-1.653470,1.993169)(-11.354563,-2.314858,1.471448)(-10.169633,-1.328770,2.047167)(0.109804,0.466667,0.886275)
(-11.354563,-2.314858,1.471448)(-11.391260,-1.990158,1.511311)(-10.169633,-1.328770,2.047167)(0.109804,0.466667,0.886275)
(-10.169633,-1.328770,2.047167)(-11.391260,-1.990158,1.511311)(-10.182571,-1.039257,2.203308)(0.109804,0.466667,0.886275)
(-11.391260,-1.990158,1.511311)(-11.497374,-1.700645,1.626582)(-10.182571,-1.039257,2.203308)(0.109804,0.466667,0.886275)
(-10.182571,-1.039257,2.203308)(-11.497374,-1.700645,1.626582)(-10.202571,-0.816303,2.444673)(0.109804,0.466667,0.886275)
(-11.497374,-1.700645,1.626582)(-11.661407,-1.477691,1.804769)(-10.202571,-0.816303,2.444673)(0.109804,0.466667,0.886275)
(-10.202571,-0.816303,2.444673)(-11.661407,-1.477691,1.804769)(-10.227466,-0.684070,2.745106)(0.109804,0.466667,0.886275)
(-11.661407,-1.477691,1.804769)(-11.865582,-1.345457,2.026562)(-10.227466,-0.684070,2.745106)(0.109804,0.466667,0.886275)
(-10.227466,-0.684070,2.745106)(-11.865582,-1.345457,2.026562)(-10.254557,-0.656885,3.072051)(0.109804,0.466667,0.886275)
(-11.865582,-1.345457,2.026562)(-12.087774,-1.318273,2.267927)(-10.254557,-0.656885,3.072051)(0.109804,0.466667,0.886275)
(-10.254557,-0.656885,3.072051)(-12.087774,-1.318273,2.267927)(-10.280910,-0.737696,3.390077)(0.109804,0.466667,0.886275)
(-12.087774,-1.318273,2.267927)(-12.303906,-1.399084,2.502709)(-10.280910,-0.737696,3.390077)(0.109804,0.466667,0.886275)
(-10.280910,-0.737696,3.390077)(-12.303906,-1.399084,2.502709)(-10.303668,-0.917746,3.664722)(0.109804,0.466667,0.886275)
(-12.303906,-1.399084,2.502709)(-12.490555,-1.579134,2.705464)(-10.303668,-0.917746,3.664722)(0.109804,0.466667,0.886275)
(-10.303668,-0.917746,3.664722)(-12.490555,-1.579134,2.705464)(-10.320364,-1.177522,3.866223)(0.109804,0.466667,0.886275)
(-12.490555,-1.579134,2.705464)(-12.627496,-1.838910,2.854222)(-10.320364,-1.177522,3.866223)(0.109804,0.466667,0.886275)
(-10.320364,-1.177522,3.866223)(-12.627496,-1.838910,2.854222)(-10.329191,-1.488875,3.972746)(0.109804,0.466667,0.886275)
(-12.627496,-1.838910,2.854222)(-12.699889,-2.150263,2.932861)(-10.329191,-1.488875,3.972746)(0.109804,0.466667,0.886275)
(-10.329191,-1.488875,3.972746)(-12.699889,-2.150263,2.932861)(-10.329191,-1.818064,3.972746)(0.109804,0.466667,0.886275)
(-12.699889,-2.150263,2.932861)(-12.699889,-2.479452,2.932861)(-10.329191,-1.818064,3.972746)(0.109804,0.466667,0.886275)
(-10.329191,-1.818064,3.972746)(-12.699889,-2.479452,2.932861)(-10.320364,-2.129417,3.866223)(0.109804,0.466667,0.886275)
(-12.699889,-2.479452,2.932861)(-12.627496,-2.790805,2.854222)(-10.320364,-2.129417,3.866223)(0.109804,0.466667,0.886275)
(-10.320364,-2.129417,3.866223)(-12.627496,-2.790805,2.854222)(-10.303668,-2.389194,3.664722)(0.109804,0.466667,0.886275)
(-12.627496,-2.790805,2.854222)(-12.490555,-3.050582,2.705464)(-10.303668,-2.389194,3.664722)(0.109804,0.466667,0.886275)
(-10.303668,-2.389194,3.664722)(-12.490555,-3.050582,2.705464)(-10.280910,-2.569243,3.390077)(0.109804,0.466667,0.886275)
(-12.490555,-3.050582,2.705464)(-12.303906,-3.230631,2.502709)(-10.280910,-2.569243,3.390077)(0.109804,0.466667,0.886275)
(-10.280910,-2.569243,3.390077)(-12.303906,-3.230631,2.502709)(-10.254557,-2.650054,3.072051)(0.109804,0.466667,0.886275)
(-12.303906,-3.230631,2.502709)(-12.087774,-3.311442,2.267927)(-10.254557,-2.650054,3.072051)(0.109804,0.466667,0.886275)
(-10.254557,-2.650054,3.072051)(-12.087774,-3.311442,2.267927)(-10.227466,-2.622870,2.745106)(0.109804,0.466667,0.886275)
(-12.087774,-3.311442,2.267927)(-11.865582,-3.284258,2.026562)(-10.227466,-2.622870,2.745106)(0.109804,0.466667,0.886275)
(-10.227466,-2.622870,2.745106)(-11.865582,-3.284258,2.026562)(-10.202571,-2.490636,2.444673)(0.109804,0.466667,0.886275)
(-11.865582,-3.284258,2.026562)(-11.661407,-3.152024,1.804769)(-10.202571,-2.490636,2.444673)(0.109804,0.466667,0.886275)
(-10.202571,-2.490636,2.444673)(-11.661407,-3.152024,1.804769)(-10.182571,-2.267683,2.203308)(0.109804,0.466667,0.886275)
(-11.661407,-3.152024,1.804769)(-11.497374,-2.929070,1.626582)(-10.182571,-2.267683,2.203308)(0.109804,0.466667,0.886275)
(-10.182571,-2.267683,2.203308)(-11.497374,-2.929070,1.626582)(-10.169633,-1.978169,2.047167)(0.109804,0.466667,0.886275)
(-11.497374,-2.929070,1.626582)(-11.391260,-2.639557,1.511311)(-10.169633,-1.978169,2.047167)(0.109804,0.466667,0.886275)
(-10.169633,-1.978169,2.047167)(-11.391260,-2.639557,1.511311)(-10.165159,-1.653470,1.993169)(0.109804,0.466667,0.886275)
(-11.391260,-2.639557,1.511311)(-11.354563,-2.314858,1.471448)(-10.165159,-1.653470,1.993169)(0.109804,0.466667,0.886275)
(-11.354563,-2.314858,1.471448)(-11.972723,-2.976246,0.329189)(-11.391260,-1.990158,1.511311)(0.109804,0.466667,0.886275)
(-11.972723,-2.976246,0.329189)(-12.026166,-2.651546,0.338107)(-11.391260,-1.990158,1.511311)(0.109804,0.466667,0.886275)
(-11.391260,-1.990158,1.511311)(-12.026166,-2.651546,0.338107)(-11.497374,-1.700645,1.626582)(0.109804,0.466667,0.886275)
(-12.026166,-2.651546,0.338107)(-12.180706,-2.362033,0.363896)(-11.497374,-1.700645,1.626582)(0.109804,0.466667,0.886275)
(-11.497374,-1.700645,1.626582)(-12.180706,-2.362033,0.363896)(-11.661407,-1.477691,1.804769)(0.109804,0.466667,0.886275)
(-12.180706,-2.362033,0.363896)(-12.419595,-2.139079,0.403759)(-11.661407,-1.477691,1.804769)(0.109804,0.466667,0.886275)
(-11.661407,-1.477691,1.804769)(-12.419595,-2.139079,0.403759)(-11.865582,-1.345457,2.026562)(0.109804,0.466667,0.886275)
(-12.419595,-2.139079,0.403759)(-12.716947,-2.006845,0.453378)(-11.865582,-1.345457,2.026562)(0.109804,0.466667,0.886275)
(-11.865582,-1.345457,2.026562)(-12.716947,-2.006845,0.453378)(-12.087774,-1.318273,2.267927)(0.109804,0.466667,0.886275)
(-12.716947,-2.006845,0.453378)(-13.040537,-1.979661,0.507376)(-12.087774,-1.318273,2.267927)(0.109804,0.466667,0.886275)
(-12.087774,-1.318273,2.267927)(-13.040537,-1.979661,0.507376)(-12.303906,-1.399084,2.502709)(0.109804,0.466667,0.886275)
(-13.040537,-1.979661,0.507376)(-13.355301,-2.060472,0.559901)(-12.303906,-1.399084,2.502709)(0.109804,0.466667,0.886275)
(-12.303906,-1.399084,2.502709)(-13.355301,-2.060472,0.559901)(-12.490555,-1.579134,2.705464)(0.109804,0.466667,0.886275)
(-13.355301,-2.060472,0.559901)(-13.627128,-2.240522,0.605261)(-12.490555,-1.579134,2.705464)(0.109804,0.466667,0.886275)
(-12.490555,-1.579134,2.705464)(-13.627128,-2.240522,0.605261)(-12.627496,-1.838910,2.854222)(0.109804,0.466667,0.886275)
(-13.627128,-2.240522,0.605261)(-13.826563,-2.500298,0.638540)(-12.627496,-1.838910,2.854222)(0.109804,0.466667,0.886275)
(-12.627496,-1.838910,2.854222)(-13.826563,-2.500298,0.638540)(-12.699889,-2.150263,2.932861)(0.109804,0.466667,0.886275)
(-13.826563,-2.500298,0.638540)(-13.931993,-2.811651,0.656134)(-12.699889,-2.150263,2.932861)(0.109804,0.466667,0.886275)
(-12.699889,-2.150263,2.932861)(-13.931993,-2.811651,0.656134)(-12.699889,-2.479452,2.932861)(0.109804,0.466667,0.886275)
(-13.931993,-2.811651,0.656134)(-13.931993,-3.140840,0.656134)(-12.699889,-2.479452,2.932861)(0.109804,0.466667,0.886275)
(-12.699889,-2.479452,2.932861)(-13.931993,-3.140840,0.656134)(-12.627496,-2.790805,2.854222)(0.109804,0.466667,0.886275)
(-13.931993,-3.140840,0.656134)(-13.826563,-3.452193,0.638540)(-12.627496,-2.790805,2.854222)(0.109804,0.466667,0.886275)
(-12.627496,-2.790805,2.854222)(-13.826563,-3.452193,0.638540)(-12.490555,-3.050582,2.705464)(0.109804,0.466667,0.886275)
(-13.826563,-3.452193,0.638540)(-13.627128,-3.711970,0.605261)(-12.490555,-3.050582,2.705464)(0.109804,0.466667,0.886275)
(-12.490555,-3.050582,2.705464)(-13.627128,-3.711970,0.605261)(-12.303906,-3.230631,2.502709)(0.109804,0.466667,0.886275)
(-13.627128,-3.711970,0.605261)(-13.355301,-3.892019,0.559901)(-12.303906,-3.230631,2.502709)(0.109804,0.466667,0.886275)
(-12.303906,-3.230631,2.502709)(-13.355301,-3.892019,0.559901)(-12.087774,-3.311442,2.267927)(0.109804,0.466667,0.886275)
(-13.355301,-3.892019,0.559901)(-13.040537,-3.972830,0.507376)(-12.087774,-3.311442,2.267927)(0.109804,0.466667,0.886275)
(-12.087774,-3.311442,2.267927)(-13.040537,-3.972830,0.507376)(-11.865582,-3.284258,2.026562)(0.109804,0.466667,0.886275)
(-13.040537,-3.972830,0.507376)(-12.716947,-3.945646,0.453378)(-11.865582,-3.284258,2.026562)(0.109804,0.466667,0.886275)
(-11.865582,-3.284258,2.026562)(-12.716947,-3.945646,0.453378)(-11.661407,-3.152024,1.804769)(0.109804,0.466667,0.886275)
(-12.716947,-3.945646,0.453378)(-12.419595,-3.813412,0.403759)(-11.661407,-3.152024,1.804769)(0.109804,0.466667,0.886275)
(-11.661407,-3.152024,1.804769)(-12.419595,-3.813412,0.403759)(-11.497374,-2.929070,1.626582)(0.109804,0.466667,0.886275)
(-12.419595,-3.813412,0.403759)(-12.180706,-3.590458,0.363896)(-11.497374,-2.929070,1.626582)(0.109804,0.466667,0.886275)
(-11.497374,-2.929070,1.626582)(-12.180706,-3.590458,0.363896)(-11.391260,-2.639557,1.511311)(0.109804,0.466667,0.886275)
(-12.180706,-3.590458,0.363896)(-12.026166,-3.300945,0.338107)(-11.391260,-2.639557,1.511311)(0.109804,0.466667,0.886275)
(-11.391260,-2.639557,1.511311)(-12.026166,-3.300945,0.338107)(-11.354563,-2.314858,1.471448)(0.109804,0.466667,0.886275)
(-12.026166,-3.300945,0.338107)(-11.972723,-2.976246,0.329189)(-11.354563,-2.314858,1.471448)(0.109804,0.466667,0.886275)
(-11.972723,-2.976246,0.329189)(-11.758948,-3.637634,-0.951895)(-12.026166,-2.651546,0.338107)(0.109804,0.466667,0.886275)
(-11.758948,-3.637634,-0.951895)(-11.806600,-3.312934,-0.977683)(-12.026166,-2.651546,0.338107)(0.109804,0.466667,0.886275)
(-12.026166,-2.651546,0.338107)(-11.806600,-3.312934,-0.977683)(-12.180706,-2.362033,0.363896)(0.109804,0.466667,0.886275)
(-11.806600,-3.312934,-0.977683)(-11.944393,-3.023421,-1.052253)(-12.180706,-2.362033,0.363896)(0.109804,0.466667,0.886275)
(-12.180706,-2.362033,0.363896)(-11.944393,-3.023421,-1.052253)(-12.419595,-2.139079,0.403759)(0.109804,0.466667,0.886275)
(-11.944393,-3.023421,-1.052253)(-12.157395,-2.800467,-1.167524)(-12.419595,-2.139079,0.403759)(0.109804,0.466667,0.886275)
(-12.419595,-2.139079,0.403759)(-12.157395,-2.800467,-1.167524)(-12.716947,-2.006845,0.453378)(0.109804,0.466667,0.886275)
(-12.157395,-2.800467,-1.167524)(-12.422523,-2.668233,-1.311004)(-12.716947,-2.006845,0.453378)(0.109804,0.466667,0.886275)
(-12.716947,-2.006845,0.453378)(-12.422523,-2.668233,-1.311004)(-13.040537,-1.979661,0.507376)(0.109804,0.466667,0.886275)
(-12.422523,-2.668233,-1.311004)(-12.711048,-2.641049,-1.467146)(-13.040537,-1.979661,0.507376)(0.109804,0.466667,0.886275)
(-13.040537,-1.979661,0.507376)(-12.711048,-2.641049,-1.467146)(-13.355301,-2.060472,0.559901)(0.109804,0.466667,0.886275)
(-12.711048,-2.641049,-1.467146)(-12.991702,-2.721860,-1.619028)(-13.355301,-2.060472,0.559901)(0.109804,0.466667,0.886275)
(-13.355301,-2.060472,0.559901)(-12.991702,-2.721860,-1.619028)(-13.627128,-2.240522,0.605261)(0.109804,0.466667,0.886275)
(-12.991702,-2.721860,-1.619028)(-13.234073,-2.901910,-1.750193)(-13.627128,-2.240522,0.605261)(0.109804,0.466667,0.886275)
(-13.627128,-2.240522,0.605261)(-13.234073,-2.901910,-1.750193)(-13.826563,-2.500298,0.638540)(0.109804,0.466667,0.886275)
(-13.234073,-2.901910,-1.750193)(-13.411895,-3.161686,-1.846425)(-13.826563,-2.500298,0.638540)(0.109804,0.466667,0.886275)
(-13.826563,-2.500298,0.638540)(-13.411895,-3.161686,-1.846425)(-13.931993,-2.811651,0.656134)(0.109804,0.466667,0.886275)
(-13.411895,-3.161686,-1.846425)(-13.505900,-3.473039,-1.897298)(-13.931993,-2.811651,0.656134)(0.109804,0.466667,0.886275)
(-13.931993,-2.811651,0.656134)(-13.505900,-3.473039,-1.897298)(-13.931993,-3.140840,0.656134)(0.109804,0.466667,0.886275)
(-13.505900,-3.473039,-1.897298)(-13.505900,-3.802228,-1.897298)(-13.931993,-3.140840,0.656134)(0.109804,0.466667,0.886275)
(-13.931993,-3.140840,0.656134)(-13.505900,-3.802228,-1.897298)(-13.826563,-3.452193,0.638540)(0.109804,0.466667,0.886275)
(-13.505900,-3.802228,-1.897298)(-13.411895,-4.113581,-1.846425)(-13.826563,-3.452193,0.638540)(0.109804,0.466667,0.886275)
(-13.826563,-3.452193,0.638540)(-13.411895,-4.113581,-1.846425)(-13.627128,-3.711970,0.605261)(0.109804,0.466667,0.886275)
(-13.411895,-4.113581,-1.846425)(-13.234073,-4.373358,-1.750193)(-13.627128,-3.711970,0.605261)(0.109804,0.466667,0.886275)
(-13.627128,-3.711970,0.605261)(-13.234073,-4.373358,-1.750193)(-13.355301,-3.892019,0.559901)(0.109804,0.466667,0.886275)
(-13.234073,-4.373358,-1.750193)(-12.991702,-4.553407,-1.619028)(-13.355301,-3.892019,0.559901)(0.109804,0.466667,0.886275)
(-13.355301,-3.892019,0.559901)(-12.991702,-4.553407,-1.619028)(-13.040537,-3.972830,0.507376)(0.109804,0.466667,0.886275)
(-12.991702,-4.553407,-1.619028)(-12.711048,-4.634218,-1.467146)(-13.040537,-3.972830,0.507376)(0.109804,0.466667,0.886275)
(-13.040537,-3.972830,0.507376)(-12.711048,-4.634218,-1.467146)(-12.716947,-3.945646,0.453378)(0.109804,0.466667,0.886275)
(-12.711048,-4.634218,-1.467146)(-12.422523,-4.607034,-1.311004)(-12.716947,-3.945646,0.453378)(0.109804,0.466667,0.886275)
(-12.716947,-3.945646,0.453378)(-12.422523,-4.607034,-1.311004)(-12.419595,-3.813412,0.403759)(0.109804,0.466667,0.886275)
(-12.422523,-4.607034,-1.311004)(-12.157395,-4.474800,-1.167524)(-12.419595,-3.813412,0.403759)(0.109804,0.466667,0.886275)
(-12.419595,-3.813412,0.403759)(-12.157395,-4.474800,-1.167524)(-12.180706,-3.590458,0.363896)(0.109804,0.466667,0.886275)
(-12.157395,-4.474800,-1.167524)(-11.944393,-4.251846,-1.052253)(-12.180706,-3.590458,0.363896)(0.109804,0.466667,0.886275)
(-12.180706,-3.590458,0.363896)(-11.944393,-4.251846,-1.052253)(-12.026166,-3.300945,0.338107)(0.109804,0.466667,0.886275)
(-11.944393,-4.251846,-1.052253)(-11.806600,-3.962333,-0.977683)(-12.026166,-3.300945,0.338107)(0.109804,0.466667,0.886275)
(-12.026166,-3.300945,0.338107)(-11.806600,-3.962333,-0.977683)(-11.972723,-2.976246,0.329189)(0.109804,0.466667,0.886275)
(-11.806600,-3.962333,-0.977683)(-11.758948,-3.637634,-0.951895)(-11.972723,-2.976246,0.329189)(0.109804,0.466667,0.886275)
(-11.758948,-3.637634,-0.951895)(-10.803391,-4.299022,-1.831547)(-11.806600,-3.312934,-0.977683)(0.109804,0.466667,0.886275)
(-10.803391,-4.299022,-1.831547)(-10.825156,-3.974322,-1.881166)(-11.806600,-3.312934,-0.977683)(0.109804,0.466667,0.886275)
(-11.806600,-3.312934,-0.977683)(-10.825156,-3.974322,-1.881166)(-11.944393,-3.023421,-1.052253)(0.109804,0.466667,0.886275)
(-10.825156,-3.974322,-1.881166)(-10.888092,-3.684809,-2.024646)(-11.944393,-3.023421,-1.052253)(0.109804,0.466667,0.886275)
(-11.944393,-3.023421,-1.052253)(-10.888092,-3.684809,-2.024646)(-12.157395,-2.800467,-1.167524)(0.109804,0.466667,0.886275)
(-10.888092,-3.684809,-2.024646)(-10.985380,-3.461855,-2.246439)(-12.157395,-2.800467,-1.167524)(0.109804,0.466667,0.886275)
(-12.157395,-2.800467,-1.167524)(-10.985380,-3.461855,-2.246439)(-12.422523,-2.668233,-1.311004)(0.109804,0.466667,0.886275)
(-10.985380,-3.461855,-2.246439)(-11.106476,-3.329621,-2.522511)(-12.422523,-2.668233,-1.311004)(0.109804,0.466667,0.886275)
(-12.422523,-2.668233,-1.311004)(-11.106476,-3.329621,-2.522511)(-12.711048,-2.641049,-1.467146)(0.109804,0.466667,0.886275)
(-11.106476,-3.329621,-2.522511)(-11.238258,-3.302437,-2.822944)(-12.711048,-2.641049,-1.467146)(0.109804,0.466667,0.886275)
(-12.711048,-2.641049,-1.467146)(-11.238258,-3.302437,-2.822944)(-12.991702,-2.721860,-1.619028)(0.109804,0.466667,0.886275)
(-11.238258,-3.302437,-2.822944)(-11.366445,-3.383248,-3.115182)(-12.991702,-2.721860,-1.619028)(0.109804,0.466667,0.886275)
(-12.991702,-2.721860,-1.619028)(-11.366445,-3.383248,-3.115182)(-13.234073,-2.901910,-1.750193)(0.109804,0.466667,0.886275)
(-11.366445,-3.383248,-3.115182)(-11.477147,-3.563298,-3.367556)(-13.234073,-2.901910,-1.750193)(0.109804,0.466667,0.886275)
(-13.234073,-2.901910,-1.750193)(-11.477147,-3.563298,-3.367556)(-13.411895,-3.161686,-1.846425)(0.109804,0.466667,0.886275)
(-11.477147,-3.563298,-3.367556)(-11.558367,-3.823074,-3.552719)(-13.411895,-3.161686,-1.846425)(0.109804,0.466667,0.886275)
(-13.411895,-3.161686,-1.846425)(-11.558367,-3.823074,-3.552719)(-13.505900,-3.473039,-1.897298)(0.109804,0.466667,0.886275)
(-11.558367,-3.823074,-3.552719)(-11.601303,-4.134427,-3.650603)(-13.505900,-3.473039,-1.897298)(0.109804,0.466667,0.886275)
(-13.505900,-3.473039,-1.897298)(-11.601303,-4.134427,-3.650603)(-13.505900,-3.802228,-1.897298)(0.109804,0.466667,0.886275)
(-11.601303,-4.134427,-3.650603)(-11.601303,-4.463616,-3.650603)(-13.505900,-3.802228,-1.897298)(0.109804,0.466667,0.886275)
(-13.505900,-3.802228,-1.897298)(-11.601303,-4.463616,-3.650603)(-13.411895,-4.113581,-1.846425)(0.109804,0.466667,0.886275)
(-11.601303,-4.463616,-3.650603)(-11.558367,-4.774969,-3.552719)(-13.411895,-4.113581,-1.846425)(0.109804,0.466667,0.886275)
(-13.411895,-4.113581,-1.846425)(-11.558367,-4.774969,-3.552719)(-13.234073,-4.373358,-1.750193)(0.109804,0.466667,0.886275)
(-11.558367,-4.774969,-3.552719)(-11.477147,-5.034745,-3.367556)(-13.234073,-4.373358,-1.750193)(0.109804,0.466667,0.886275)
(-13.234073,-4.373358,-1.750193)(-11.477147,-5.034745,-3.367556)(-12.991702,-4.553407,-1.619028)(0.109804,0.466667,0.886275)
(-11.477147,-5.034745,-3.367556)(-11.366445,-5.214795,-3.115182)(-12.991702,-4.553407,-1.619028)(0.109804,0.466667,0.886275)
(-12.991702,-4.553407,-1.619028)(-11.366445,-5.214795,-3.115182)(-12.711048,-4.634218,-1.467146)(0.109804,0.466667,0.886275)
(-11.366445,-5.214795,-3.115182)(-11.238258,-5.295606,-2.822944)(-12.711048,-4.634218,-1.467146)(0.109804,0.466667,0.886275)
(-12.711048,-4.634218,-1.467146)(-11.238258,-5.295606,-2.822944)(-12.422523,-4.607034,-1.311004)(0.109804,0.466667,0.886275)
(-11.238258,-5.295606,-2.822944)(-11.106476,-5.268422,-2.522511)(-12.422523,-4.607034,-1.311004)(0.109804,0.466667,0.886275)
(-12.422523,-4.607034,-1.311004)(-11.106476,-5.268422,-2.522511)(-12.157395,-4.474800,-1.167524)(0.109804,0.466667,0.886275)
(-11.106476,-5.268422,-2.522511)(-10.985380,-5.136188,-2.246439)(-12.157395,-4.474800,-1.167524)(0.109804,0.466667,0.886275)
(-12.157395,-4.474800,-1.167524)(-10.985380,-5.136188,-2.246439)(-11.944393,-4.251846,-1.052253)(0.109804,0.466667,0.886275)
(-10.985380,-5.136188,-2.246439)(-10.888092,-4.913234,-2.024646)(-11.944393,-4.251846,-1.052253)(0.109804,0.466667,0.886275)
(-11.944393,-4.251846,-1.052253)(-10.888092,-4.913234,-2.024646)(-11.806600,-3.962333,-0.977683)(0.109804,0.466667,0.886275)
(-10.888092,-4.913234,-2.024646)(-10.825156,-4.623721,-1.881166)(-11.806600,-3.962333,-0.977683)(0.109804,0.466667,0.886275)
(-11.806600,-3.962333,-0.977683)(-10.825156,-4.623721,-1.881166)(-11.758948,-3.637634,-0.951895)(0.109804,0.466667,0.886275)
(-10.825156,-4.623721,-1.881166)(-10.803391,-4.299022,-1.831547)(-11.758948,-3.637634,-0.951895)(0.109804,0.466667,0.886275)
(-10.803391,-4.299022,-1.831547)(-9.509029,-4.960409,-1.938801)(-10.825156,-3.974322,-1.881166)(0.109804,0.466667,0.886275)
(-9.509029,-4.960409,-1.938801)(-9.495728,-4.635710,-1.991325)(-10.825156,-3.974322,-1.881166)(0.109804,0.466667,0.886275)
(-10.825156,-3.974322,-1.881166)(-9.495728,-4.635710,-1.991325)(-10.888092,-3.684809,-2.024646)(0.109804,0.466667,0.886275)
(-9.495728,-4.635710,-1.991325)(-9.457266,-4.346197,-2.143208)(-10.888092,-3.684809,-2.024646)(0.109804,0.466667,0.886275)
(-10.888092,-3.684809,-2.024646)(-9.457266,-4.346197,-2.143208)(-10.985380,-3.461855,-2.246439)(0.109804,0.466667,0.886275)
(-9.457266,-4.346197,-2.143208)(-9.397811,-4.123243,-2.377989)(-10.985380,-3.461855,-2.246439)(0.109804,0.466667,0.886275)
(-10.985380,-3.461855,-2.246439)(-9.397811,-4.123243,-2.377989)(-11.106476,-3.329621,-2.522511)(0.109804,0.466667,0.886275)
(-9.397811,-4.123243,-2.377989)(-9.323807,-3.991009,-2.670227)(-11.106476,-3.329621,-2.522511)(0.109804,0.466667,0.886275)
(-11.106476,-3.329621,-2.522511)(-9.323807,-3.991009,-2.670227)(-11.238258,-3.302437,-2.822944)(0.109804,0.466667,0.886275)
(-9.323807,-3.991009,-2.670227)(-9.243272,-3.963825,-2.988253)(-11.238258,-3.302437,-2.822944)(0.109804,0.466667,0.886275)
(-11.238258,-3.302437,-2.822944)(-9.243272,-3.963825,-2.988253)(-11.366445,-3.383248,-3.115182)(0.109804,0.466667,0.886275)
(-9.243272,-3.963825,-2.988253)(-9.164933,-4.044636,-3.297604)(-11.366445,-3.383248,-3.115182)(0.109804,0.466667,0.886275)
(-11.366445,-3.383248,-3.115182)(-9.164933,-4.044636,-3.297604)(-11.477147,-3.563298,-3.367556)(0.109804,0.466667,0.886275)
(-9.164933,-4.044636,-3.297604)(-9.097281,-4.224686,-3.564758)(-11.477147,-3.563298,-3.367556)(0.109804,0.466667,0.886275)
(-11.477147,-3.563298,-3.367556)(-9.097281,-4.224686,-3.564758)(-11.558367,-3.823074,-3.552719)(0.109804,0.466667,0.886275)
(-9.097281,-4.224686,-3.564758)(-9.047645,-4.484462,-3.760763)(-11.558367,-3.823074,-3.552719)(0.109804,0.466667,0.886275)
(-11.558367,-3.823074,-3.552719)(-9.047645,-4.484462,-3.760763)(-11.601303,-4.134427,-3.650603)(0.109804,0.466667,0.886275)
(-9.047645,-4.484462,-3.760763)(-9.021406,-4.795815,-3.864380)(-11.601303,-4.134427,-3.650603)(0.109804,0.466667,0.886275)
(-11.601303,-4.134427,-3.650603)(-9.021406,-4.795815,-3.864380)(-11.601303,-4.463616,-3.650603)(0.109804,0.466667,0.886275)
(-9.021406,-4.795815,-3.864380)(-9.021406,-5.125004,-3.864380)(-11.601303,-4.463616,-3.650603)(0.109804,0.466667,0.886275)
(-11.601303,-4.463616,-3.650603)(-9.021406,-5.125004,-3.864380)(-11.558367,-4.774969,-3.552719)(0.109804,0.466667,0.886275)
(-9.021406,-5.125004,-3.864380)(-9.047645,-5.436357,-3.760763)(-11.558367,-4.774969,-3.552719)(0.109804,0.466667,0.886275)
(-11.558367,-4.774969,-3.552719)(-9.047645,-5.436357,-3.760763)(-11.477147,-5.034745,-3.367556)(0.109804,0.466667,0.886275)
(-9.047645,-5.436357,-3.760763)(-9.097281,-5.696133,-3.564758)(-11.477147,-5.034745,-3.367556)(0.109804,0.466667,0.886275)
(-11.477147,-5.034745,-3.367556)(-9.097281,-5.696133,-3.564758)(-11.366445,-5.214795,-3.115182)(0.109804,0.466667,0.886275)
(-9.097281,-5.696133,-3.564758)(-9.164933,-5.876183,-3.297604)(-11.366445,-5.214795,-3.115182)(0.109804,0.466667,0.886275)
(-11.366445,-5.214795,-3.115182)(-9.164933,-5.876183,-3.297604)(-11.238258,-5.295606,-2.822944)(0.109804,0.466667,0.886275)
(-9.164933,-5.876183,-3.297604)(-9.243272,-5.956994,-2.988253)(-11.238258,-5.295606,-2.822944)(0.109804,0.466667,0.886275)
(-11.238258,-5.295606,-2.822944)(-9.243272,-5.956994,-2.988253)(-11.106476,-5.268422,-2.522511)(0.109804,0.466667,0.886275)
(-9.243272,-5.956994,-2.988253)(-9.323807,-5.929810,-2.670227)(-11.106476,-5.268422,-2.522511)(0.109804,0.466667,0.886275)
(-11.106476,-5.268422,-2.522511)(-9.323807,-5.929810,-2.670227)(-10.985380,-5.136188,-2.246439)(0.109804,0.466667,0.886275)
(-9.323807,-5.929810,-2.670227)(-9.397811,-5.797576,-2.377989)(-10.985380,-5.136188,-2.246439)(0.109804,0.466667,0.886275)
(-10.985380,-5.136188,-2.246439)(-9.397811,-5.797576,-2.377989)(-10.888092,-4.913234,-2.024646)(0.109804,0.466667,0.886275)
(-9.397811,-5.797576,-2.377989)(-9.457266,-5.574622,-2.143208)(-10.888092,-4.913234,-2.024646)(0.109804,0.466667,0.886275)
(-10.888092,-4.913234,-2.024646)(-9.457266,-5.574622,-2.143208)(-10.825156,-4.623721,-1.881166)(0.109804,0.466667,0.886275)
(-9.457266,-5.574622,-2.143208)(-9.495728,-5.285109,-1.991325)(-10.825156,-4.623721,-1.881166)(0.109804,0.466667,0.886275)
(-10.825156,-4.623721,-1.881166)(-9.495728,-5.285109,-1.991325)(-10.803391,-4.299022,-1.831547)(0.109804,0.466667,0.886275)
(-9.495728,-5.285109,-1.991325)(-9.509029,-4.960409,-1.938801)(-10.803391,-4.299022,-1.831547)(0.109804,0.466667,0.886275)
(-9.509029,-4.960409,-1.938801)(-8.421719,-5.621797,-1.228425)(-9.495728,-4.635710,-1.991325)(0.109804,0.466667,0.886275)
(-8.421719,-5.621797,-1.228425)(-8.378961,-5.297098,-1.261705)(-9.495728,-4.635710,-1.991325)(0.109804,0.466667,0.886275)
(-9.495728,-4.635710,-1.991325)(-8.378961,-5.297098,-1.261705)(-9.457266,-4.346197,-2.143208)(0.109804,0.466667,0.886275)
(-8.378961,-5.297098,-1.261705)(-8.255321,-5.007585,-1.357938)(-9.457266,-4.346197,-2.143208)(0.109804,0.466667,0.886275)
(-9.457266,-4.346197,-2.143208)(-8.255321,-5.007585,-1.357938)(-9.397811,-4.123243,-2.377989)(0.109804,0.466667,0.886275)
(-8.255321,-5.007585,-1.357938)(-8.064197,-4.784631,-1.506696)(-9.397811,-4.123243,-2.377989)(0.109804,0.466667,0.886275)
(-9.397811,-4.123243,-2.377989)(-8.064197,-4.784631,-1.506696)(-9.323807,-3.991009,-2.670227)(0.109804,0.466667,0.886275)
(-8.064197,-4.784631,-1.506696)(-7.826301,-4.652397,-1.691858)(-9.323807,-3.991009,-2.670227)(0.109804,0.466667,0.886275)
(-9.323807,-3.991009,-2.670227)(-7.826301,-4.652397,-1.691858)(-9.243272,-3.963825,-2.988253)(0.109804,0.466667,0.886275)
(-7.826301,-4.652397,-1.691858)(-7.567412,-4.625213,-1.893359)(-9.243272,-3.963825,-2.988253)(0.109804,0.466667,0.886275)
(-9.243272,-3.963825,-2.988253)(-7.567412,-4.625213,-1.893359)(-9.164933,-4.044636,-3.297604)(0.109804,0.466667,0.886275)
(-7.567412,-4.625213,-1.893359)(-7.315584,-4.706024,-2.089365)(-9.164933,-4.044636,-3.297604)(0.109804,0.466667,0.886275)
(-9.164933,-4.044636,-3.297604)(-7.315584,-4.706024,-2.089365)(-9.097281,-4.224686,-3.564758)(0.109804,0.466667,0.886275)
(-7.315584,-4.706024,-2.089365)(-7.098108,-4.886073,-2.258633)(-9.097281,-4.224686,-3.564758)(0.109804,0.466667,0.886275)
(-9.097281,-4.224686,-3.564758)(-7.098108,-4.886073,-2.258633)(-9.047645,-4.484462,-3.760763)(0.109804,0.466667,0.886275)
(-7.098108,-4.886073,-2.258633)(-6.938550,-5.145850,-2.382822)(-9.047645,-4.484462,-3.760763)(0.109804,0.466667,0.886275)
(-9.047645,-4.484462,-3.760763)(-6.938550,-5.145850,-2.382822)(-9.021406,-4.795815,-3.864380)(0.109804,0.466667,0.886275)
(-6.938550,-5.145850,-2.382822)(-6.854201,-5.457203,-2.448474)(-9.021406,-4.795815,-3.864380)(0.109804,0.466667,0.886275)
(-9.021406,-4.795815,-3.864380)(-6.854201,-5.457203,-2.448474)(-9.021406,-5.125004,-3.864380)(0.109804,0.466667,0.886275)
(-6.854201,-5.457203,-2.448474)(-6.854201,-5.786392,-2.448474)(-9.021406,-5.125004,-3.864380)(0.109804,0.466667,0.886275)
(-9.021406,-5.125004,-3.864380)(-6.854201,-5.786392,-2.448474)(-9.047645,-5.436357,-3.760763)(0.109804,0.466667,0.886275)
(-6.854201,-5.786392,-2.448474)(-6.938550,-6.097745,-2.382822)(-9.047645,-5.436357,-3.760763)(0.109804,0.466667,0.886275)
(-9.047645,-5.436357,-3.760763)(-6.938550,-6.097745,-2.382822)(-9.097281,-5.696133,-3.564758)(0.109804,0.466667,0.886275)
(-6.938550,-6.097745,-2.382822)(-7.098108,-6.357521,-2.258633)(-9.097281,-5.696133,-3.564758)(0.109804,0.466667,0.886275)
(-9.097281,-5.696133,-3.564758)(-7.098108,-6.357521,-2.258633)(-9.164933,-5.876183,-3.297604)(0.109804,0.466667,0.886275)
(-7.098108,-6.357521,-2.258633)(-7.315584,-6.537571,-2.089365)(-9.164933,-5.876183,-3.297604)(0.109804,0.466667,0.886275)
(-9.164933,-5.876183,-3.297604)(-7.315584,-6.537571,-2.089365)(-9.243272,-5.956994,-2.988253)(0.109804,0.466667,0.886275)
(-7.315584,-6.537571,-2.089365)(-7.567412,-6.618382,-1.893359)(-9.243272,-5.956994,-2.988253)(0.109804,0.466667,0.886275)
(-9.243272,-5.956994,-2.988253)(-7.567412,-6.618382,-1.893359)(-9.323807,-5.929810,-2.670227)(0.109804,0.466667,0.886275)
(-7.567412,-6.618382,-1.893359)(-7.826301,-6.591198,-1.691858)(-9.323807,-5.929810,-2.670227)(0.109804,0.466667,0.886275)
(-9.323807,-5.929810,-2.670227)(-7.826301,-6.591198,-1.691858)(-9.397811,-5.797576,-2.377989)(0.109804,0.466667,0.886275)
(-7.826301,-6.591198,-1.691858)(-8.064197,-6.458964,-1.506696)(-9.397811,-5.797576,-2.377989)(0.109804,0.466667,0.886275)
(-9.397811,-5.797576,-2.377989)(-8.064197,-6.458964,-1.506696)(-9.457266,-5.574622,-2.143208)(0.109804,0.466667,0.886275)
(-8.064197,-6.458964,-1.506696)(-8.255321,-6.236010,-1.357938)(-9.457266,-5.574622,-2.143208)(0.109804,0.466667,0.886275)
(-9.457266,-5.574622,-2.143208)(-8.255321,-6.236010,-1.357938)(-9.495728,-5.285109,-1.991325)(0.109804,0.466667,0.886275)
(-8.255321,-6.236010,-1.357938)(-8.378961,-5.946497,-1.261705)(-9.495728,-5.285109,-1.991325)(0.109804,0.466667,0.886275)
(-9.495728,-5.285109,-1.991325)(-8.378961,-5.946497,-1.261705)(-9.509029,-4.960409,-1.938801)(0.109804,0.466667,0.886275)
(-8.378961,-5.946497,-1.261705)(-8.421719,-5.621797,-1.228425)(-9.509029,-4.960409,-1.938801)(0.109804,0.466667,0.886275)
(-8.421719,-5.621797,-1.228425)(-8.000000,-6.283185,-0.000000)(-8.378961,-5.297098,-1.261705)(0.109804,0.466667,0.886275)
(-8.000000,-6.283185,-0.000000)(-7.945817,-5.958486,-0.000000)(-8.378961,-5.297098,-1.261705)(0.109804,0.466667,0.886275)
(-8.378961,-5.297098,-1.261705)(-7.945817,-5.958486,-0.000000)(-8.255321,-5.007585,-1.357938)(0.109804,0.466667,0.886275)
(-7.945817,-5.958486,-0.000000)(-7.789141,-5.668973,-0.000000)(-8.255321,-5.007585,-1.357938)(0.109804,0.466667,0.886275)
(-8.255321,-5.007585,-1.357938)(-7.789141,-5.668973,-0.000000)(-8.064197,-4.784631,-1.506696)(0.109804,0.466667,0.886275)
(-7.789141,-5.668973,-0.000000)(-7.546948,-5.446019,-0.000000)(-8.064197,-4.784631,-1.506696)(0.109804,0.466667,0.886275)
(-8.064197,-4.784631,-1.506696)(-7.546948,-5.446019,-0.000000)(-7.826301,-4.652397,-1.691858)(0.109804,0.466667,0.886275)
(-7.546948,-5.446019,-0.000000)(-7.245485,-5.313785,-0.000000)(-7.826301,-4.652397,-1.691858)(0.109804,0.466667,0.886275)
(-7.826301,-4.652397,-1.691858)(-7.245485,-5.313785,-0.000000)(-7.567412,-4.625213,-1.893359)(0.109804,0.466667,0.886275)
(-7.245485,-5.313785,-0.000000)(-6.917421,-5.286601,-0.000000)(-7.567412,-4.625213,-1.893359)(0.109804,0.466667,0.886275)
(-7.567412,-4.625213,-1.893359)(-6.917421,-5.286601,-0.000000)(-7.315584,-4.706024,-2.089365)(0.109804,0.466667,0.886275)
(-6.917421,-5.286601,-0.000000)(-6.598305,-5.367412,-0.000000)(-7.315584,-4.706024,-2.089365)(0.109804,0.466667,0.886275)
(-7.315584,-4.706024,-2.089365)(-6.598305,-5.367412,-0.000000)(-7.098108,-4.886073,-2.258633)(0.109804,0.466667,0.886275)
(-6.598305,-5.367412,-0.000000)(-6.322718,-5.547461,-0.000000)(-7.098108,-4.886073,-2.258633)(0.109804,0.466667,0.886275)
(-7.098108,-4.886073,-2.258633)(-6.322718,-5.547461,-0.000000)(-6.938550,-5.145850,-2.382822)(0.109804,0.466667,0.886275)
(-6.322718,-5.547461,-0.000000)(-6.120526,-5.807238,-0.000000)(-6.938550,-5.145850,-2.382822)(0.109804,0.466667,0.886275)
(-6.938550,-5.145850,-2.382822)(-6.120526,-5.807238,-0.000000)(-6.854201,-5.457203,-2.448474)(0.109804,0.466667,0.886275)
(-6.120526,-5.807238,-0.000000)(-6.013639,-6.118591,-0.000000)(-6.854201,-5.457203,-2.448474)(0.109804,0.466667,0.886275)
(-6.854201,-5.457203,-2.448474)(-6.013639,-6.118591,-0.000000)(-6.854201,-5.786392,-2.448474)(0.109804,0.466667,0.886275)
(-6.013639,-6.118591,-0.000000)(-6.013639,-6.447780,-0.000000)(-6.854201,-5.786392,-2.448474)(0.109804,0.466667,0.886275)
(-6.854201,-5.786392,-2.448474)(-6.013639,-6.447780,-0.000000)(-6.938550,-6.097745,-2.382822)(0.109804,0.466667,0.886275)
(-6.013639,-6.447780,-0.000000)(-6.120526,-6.759133,-0.000000)(-6.938550,-6.097745,-2.382822)(0.109804,0.466667,0.886275)
(-6.938550,-6.097745,-2.382822)(-6.120526,-6.759133,-0.000000)(-7.098108,-6.357521,-2.258633)(0.109804,0.466667,0.886275)
(-6.120526,-6.759133,-0.000000)(-6.322718,-7.018909,-0.000000)(-7.098108,-6.357521,-2.258633)(0.109804,0.466667,0.886275)
(-7.098108,-6.357521,-2.258633)(-6.322718,-7.018909,-0.000000)(-7.315584,-6.537571,-2.089365)(0.109804,0.466667,0.886275)
(-6.322718,-7.018909,-0.000000)(-6.598305,-7.198959,-0.000000)(-7.315584,-6.537571,-2.089365)(0.109804,0.466667,0.886275)
(-7.315584,-6.537571,-2.089365)(-6.598305,-7.198959,-0.000000)(-7.567412,-6.618382,-1.893359)(0.109804,0.466667,0.886275)
(-6.598305,-7.198959,-0.000000)(-6.917421,-7.279770,-0.000000)(-7.567412,-6.618382,-1.893359)(0.109804,0.466667,0.886275)
(-7.567412,-6.618382,-1.893359)(-6.917421,-7.279770,-0.000000)(-7.826301,-6.591198,-1.691858)(0.109804,0.466667,0.886275)
(-6.917421,-7.279770,-0.000000)(-7.245485,-7.252586,-0.000000)(-7.826301,-6.591198,-1.691858)(0.109804,0.466667,0.886275)
(-7.826301,-6.591198,-1.691858)(-7.245485,-7.252586,-0.000000)(-8.064197,-6.458964,-1.506696)(0.109804,0.466667,0.886275)
(-7.245485,-7.252586,-0.000000)(-7.546948,-7.120352,-0.000000)(-8.064197,-6.458964,-1.506696)(0.109804,0.466667,0.886275)
(-8.064197,-6.458964,-1.506696)(-7.546948,-7.120352,-0.000000)(-8.255321,-6.236010,-1.357938)(0.109804,0.466667,0.886275)
(-7.546948,-7.120352,-0.000000)(-7.789141,-6.897398,-0.000000)(-8.255321,-6.236010,-1.357938)(0.109804,0.466667,0.886275)
(-8.255321,-6.236010,-1.357938)(-7.789141,-6.897398,-0.000000)(-8.378961,-5.946497,-1.261705)(0.109804,0.466667,0.886275)
(-7.789141,-6.897398,-0.000000)(-7.945817,-6.607885,-0.000000)(-8.378961,-5.946497,-1.261705)(0.109804,0.466667,0.886275)
(-8.378961,-5.946497,-1.261705)(-7.945817,-6.607885,-0.000000)(-8.421719,-5.621797,-1.228425)(0.109804,0.466667,0.886275)
(-7.945817,-6.607885,-0.000000)(-8.000000,-6.283185,-0.000000)(-8.421719,-5.621797,-1.228425)(0.109804,0.466667,0.886275)

