points: plane
(-6.283185,-3.141593,0.000000)
(-6.283185,-2.443461,0.000000)
(-6.283185,-1.745329,0.000000)
(-6.283185,-1.047198,0.000000)
(-6.283185,-0.349066,0.000000)
(-6.283185,0.349066,0.000000)
(-6.283185,1.047198,0.000000)
(-6.283185,1.745329,0.000000)
(-6.283185,2.443461,0.000000)
(-6.283185,3.141593,0.000000)
(-4.886922,-3.141593,0.000000)
(-4.886922,-2.443461,0.000000)
(-4.886922,-1.745329,0.000000)
(-4.886922,-1.047198,0.000000)
(-4.886922,-0.349066,0.000000)
(-4.886922,0.349066,0.000000)
(-4.886922,1.047198,0.000000)
(-4.886922,1.745329,0.000000)
(-4.886922,2.443461,0.000000)
(-4.886922,3.141593,0.000000)
(-3.490659,-3.141593,0.000000)
(-3.490659,-2.443461,0.000000)
(-3.490659,-1.745329,0.000000)
(-3.490659,-1.047198,0.000000)
(-3.490659,-0.349066,0.000000)
(-3.490659,0.349066,0.000000)
(-3.490659,1.047198,0.000000)
(-3.490659,1.745329,0.000000)
(-3.490659,2.443461,0.000000)
(-3.490659,3.141593,0.000000)
(-2.094395,-3.141593,0.000000)
(-2.094395,-2.443461,0.000000)
(-2.094395,-1.745329,0.000000)
(-2.094395,-1.047198,0.000000)
(-2.094395,-0.349066,0.000000)
(-2.094395,0.349066,0.000000)
(-2.094395,1.047198,0.000000)
(-2.094395,1.745329,0.000000)
(-2.094395,2.443461,0.000000)
(-2.094395,3.141593,0.000000)
(-0.698132,-3.141593,0.000000)
(-0.698132,-2.443461,0.000000)
(-0.698132,-1.745329,0.000000)
(-0.698132,-1.047198,0.000000)
(-0.698132,-0.349066,0.000000)
(-0.698132,0.349066,0.000000)
(-0.698132,1.047198,0.000000)
(-0.698132,1.745329,0.000000)
(-0.698132,2.443461,0.000000)
(-0.698132,3.141593,0.000000)
(0.698132,-3.141593,0.000000)
(0.698132,-2.443461,0.000000)
(0.698132,-1.745329,0.000000)
(0.698132,-1.047198,0.000000)
(0.698132,-0.349066,0.000000)
(0.698132,0.349066,0.000000)
(0.698132,1.047198,0.000000)
(0.698132,1.745329,0.000000)
(0.698132,2.443461,0.000000)
(0.698132,3.141593,0.000000)
(2.094395,-3.141593,0.000000)
(2.094395,-2.443461,0.000000)
(2.094395,-1.745329,0.000000)
(2.094395,-1.047198,0.000000)
(2.094395,-0.349066,0.000000)
(2.094395,0.349066,0.000000)
(2.094395,1.047198,0.000000)
(2.094395,1.745329,0.000000)
(2.094395,2.443461,0.000000)
(2.094395,3.141593,0.000000)
(3.490659,-3.141593,0.000000)
(3.490659,-2.443461,0.000000)
(3.490659,-1.745329,0.000000)
(3.490659,-1.047198,0.000000)
(3.490659,-0.349066,0.000000)
(3.490659,0.349066,0.000000)
(3.490659,1.047198,0.000000)
(3.490659,1.745329,0.000000)
(3.490659,2.443461,0.000000)
(3.490659,3.141593,0.000000)
(4.886922,-3.141593,0.000000)
(4.886922,-2.443461,0.000000)
(4.886922,-1.745329,0.000000)
(4.886922,-1.047198,0.000000)
(4.886922,-0.349066,0.000000)
(4.886922,0.349066,0.000000)
(4.886922,1.047198,0.000000)
(4.886922,1.745329,0.000000)
(4.886922,2.443461,0.000000)
(4.886922,3.141593,0.000000)
(6.283185,-3.141593,0.000000)
(6.283185,-2.443461,0.000000)
(6.283185,-1.745329,0.000000)
(6.283185,-1.047198,0.000000)
(6.283185,-0.349066,0.000000)
(6.283185,0.349066,0.000000)
(6.283185,1.047198,0.000000)
(6.283185,1.745329,0.000000)
(6.283185,2.443461,0.000000)
(6.283185,3.141593,0.000000)
lines: plane.lines
(-6.283185,-3.141593,0.000000)(-4.886922,-3.141593,0.000000)(0.000000,1.000000,0.000000)
(-6.283185,-3.141593,0.000000)(-6.283185,-2.443461,0.000000)(0.000000,1.000000,0.000000)
(-6.283185,-2.443461,0.000000)(-4.886922,-2.443461,0.000000)(0.000000,1.000000,0.000000)
(-6.283185,-2.443461,0.000000)(-6.283185,-1.745329,0.000000)(0.000000,1.000000,0.000000)
(-6.283185,-2.443461,0.000000)(-4.886922,-3.141593,0.000000)(0.000000,1.000000,0.000000)
(-6.283185,-1.745329,0.000000)(-4.886922,-1.745329,0.000000)(0.000000,1.000000,0.000000)
(-6.283185,-1.745329,0.000000)(-6.283185,-1.047198,0.000000)(0.000000,1.000000,0.000000)
(-6.283185,-1.745329,0.000000)(-4.886922,-2.443461,0.000000)(0.000000,1.000000,0.000000)
(-6.283185,-1.047198,0.000000)(-4.886922,-1.047198,0.000000)(0.000000,1.000000,0.000000)
(-6.283185,-1.047198,0.000000)(-6.283185,-0.349066,0.000000)(0.000000,1.000000,0.000000)
(-6.283185,-1.047198,0.000000)(-4.886922,-1.745329,0.000000)(0.000000,1.000000,0.000000)
(-6.283185,-0.349066,0.000000)(-4.886922,-0.349066,0.000000)(0.000000,1.000000,0.000000)
(-6.283185,-0.349066,0.000000)(-6.283185,0.349066,0.000000)(0.000000,1.000000,0.000000)
(-6.283185,-0.349066,0.000000)(-4.886922,-1.047198,0.000000)(0.000000,1.000000,0.000000)
(-6.283185,0.349066,0.000000)(-4.886922,0.349066,0.000000)(0.000000,1.000000,0.000000)
(-6.283185,0.349066,0.000000)(-6.283185,1.047198,0.000000)(0.000000,1.000000,0.000000)
(-6.283185,0.349066,0.000000)(-4.886922,-0.349066,0.000000)(0.000000,1.000000,0.000000)
(-6.283185,1.047198,0.000000)(-4.886922,1.047198,0.000000)(0.000000,1.000000,0.000000)
(-6.283185,1.047198,0.000000)(-6.283185,1.745329,0.000000)(0.000000,1.000000,0.000000)
(-6.283185,1.047198,0.000000)(-4.886922,0.349066,0.000000)(0.000000,1.000000,0.000000)
(-6.283185,1.745329,0.000000)(-4.886922,1.745329,0.000000)(0.000000,1.000000,0.000000)
(-6.283185,1.745329,0.000000)(-6.283185,2.443461,0.000000)(0.000000,1.000000,0.000000)
(-6.283185,1.745329,0.000000)(-4.886922,1.047198,0.000000)(0.000000,1.000000,0.000000)
(-6.283185,2.443461,0.000000)(-4.886922,2.443461,0.000000)(0.000000,1.000000,0.000000)
(-6.283185,2.443461,0.000000)(-6.283185,3.141593,0.000000)(0.000000,1.000000,0.000000)
(-6.283185,2.443461,0.000000)(-4.886922,1.745329,0.000000)(0.000000,1.000000,0.000000)
(-6.283185,3.141593,0.000000)(-4.886922,3.141593,0.000000)(0.000000,1.000000,0.000000)
(-6.283185,3.141593,0.000000)(-4.886922,2.443461,0.000000)(0.000000,1.000000,0.000000)
(-4.886922,-3.141593,0.000000)(-3.490659,-3.141593,0.000000)(0.000000,1.000000,0.000000)
(-4.886922,-3.141593,0.000000)(-4.886922,-2.443461,0.000000)(0.000000,1.000000,0.000000)
(-4.886922,-2.443461,0.000000)(-3.490659,-2.443461,0.000000)(0.000000,1.000000,0.000000)
(-4.886922,-2.443461,0.000000)(-4.886922,-1.745329,0.000000)(0.000000,1.000000,0.000000)
(-4.886922,-2.443461,0.000000)(-3.490659,-3.141593,0.000000)(0.000000,1.000000,0.000000)
(-4.886922,-1.745329,0.000000)(-3.490659,-1.745329,0.000000)(0.000000,1.000000,0.000000)
(-4.886922,-1.745329,0.000000)(-4.886922,-1.047198,0.000000)(0.000000,1.000000,0.000000)
(-4.886922,-1.745329,0.000000)(-3.490659,-2.443461,0.000000)(0.000000,1.000000,0.000000)
(-4.886922,-1.047198,0.000000)(-3.490659,-1.047198,0.000000)(0.000000,1.000000,0.000000)
(-4.886922,-1.047198,0.000000)(-4.886922,-0.349066,0.000000)(0.000000,1.000000,0.000000)
(-4.886922,-1.047198,0.000000)(-3.490659,-1.745329,0.000000)(0.000000,1.000000,0.000000)
(-4.886922,-0.349066,0.000000)(-3.490659,-0.349066,0.000000)(0.000000,1.000000,0.000000)
(-4.886922,-0.349066,0.000000)(-4.886922,0.349066,0.000000)(0.000000,1.000000,0.000000)
(-4.886922,-0.349066,0.000000)(-3.490659,-1.047198,0.000000)(0.000000,1.000000,0.000000)
(-4.886922,0.349066,0.000000)(-3.490659,0.349066,0.000000)(0.000000,1.000000,0.000000)
(-4.886922,0.349066,0.000000)(-4.886922,1.047198,0.000000)(0.000000,1.000000,0.000000)
(-4.886922,0.349066,0.000000)(-3.490659,-0.349066,0.000000)(0.000000,1.000000,0.000000)
(-4.886922,1.047198,0.000000)(-3.490659,1.047198,0.000000)(0.000000,1.000000,0.000000)
(-4.886922,1.047198,0.000000)(-4.886922,1.745329,0.000000)(0.000000,1.000000,0.000000)
(-4.886922,1.047198,0.000000)(-3.490659,0.349066,0.000000)(0.000000,1.000000,0.000000)
(-4.886922,1.745329,0.000000)(-3.490659,1.745329,0.000000)(0.000000,1.000000,0.000000)
(-4.886922,1.745329,0.000000)(-4.886922,2.443461,0.000000)(0.000000,1.000000,0.000000)
(-4.886922,1.745329,0.000000)(-3.490659,1.047198,0.000000)(0.000000,1.000000,0.000000)
(-4.886922,2.443461,0.000000)(-3.490659,2.443461,0.000000)(0.000000,1.000000,0.000000)
(-4.886922,2.443461,0.000000)(-4.886922,3.141593,0.000000)(0.000000,1.000000,0.000000)
(-4.886922,2.443461,0.000000)(-3.490659,1.745329,0.000000)(0.000000,1.000000,0.000000)
(-4.886922,3.141593,0.000000)(-3.490659,3.141593,0.000000)(0.000000,1.000000,0.000000)
(-4.886922,3.141593,0.000000)(-3.490659,2.443461,0.000000)(0.000000,1.000000,0.000000)
(-3.490659,-3.141593,0.000000)(-2.094395,-3.141593,0.000000)(0.000000,1.000000,0.000000)
(-3.490659,-3.141593,0.000000)(-3.490659,-2.443461,0.000000)(0.000000,1.000000,0.000000)
(-3.490659,-2.443461,0.000000)(-2.094395,-2.443461,0.000000)(0.000000,1.000000,0.000000)
(-3.490659,-2.443461,0.000000)(-3.490659,-1.745329,0.000000)(0.000000,1.000000,0.000000)
(-3.490659,-2.443461,0.000000)(-2.094395,-3.141593,0.000000)(0.000000,1.000000,0.000000)
(-3.490659,-1.745329,0.000000)(-2.094395,-1.745329,0.000000)(0.000000,1.000000,0.000000)
(-3.490659,-1.745329,0.000000)(-3.490659,-1.047198,0.000000)(0.000000,1.000000,0.000000)
(-3.490659,-1.745329,0.000000)(-2.094395,-2.443461,0.000000)(0.000000,1.000000,0.000000)
(-3.490659,-1.047198,0.000000)(-2.094395,-1.047198,0.000000)(0.000000,1.000000,0.000000)
(-3.490659,-1.047198,0.000000)(-3.490659,-0.349066,0.000000)(0.000000,1.000000,0.000000)
(-3.490659,-1.047198,0.000000)(-2.094395,-1.745329,0.000000)(0.000000,1.000000,0.000000)
(-3.490659,-0.349066,0.000000)(-2.094395,-0.349066,0.000000)(0.000000,1.000000,0.000000)
(-3.490659,-0.349066,0.000000)(-3.490659,0.349066,0.000000)(0.000000,1.000000,0.000000)
(-3.490659,-0.349066,0.000000)(-2.094395,-1.047198,0.000000)(0.000000,1.000000,0.000000)
(-3.490659,0.349066,0.000000)(-2.094395,0.349066,0.000000)(0.000000,1.000000,0.000000)
(-3.490659,0.349066,0.000000)(-3.490659,1.047198,0.000000)(0.000000,1.000000,0.000000)
(-3.490659,0.349066,0.000000)(-2.094395,-0.349066,0.000000)(0.000000,1.000000,0.000000)
(-3.490659,1.047198,0.000000)(-2.094395,1.047198,0.000000)(0.000000,1.000000,0.000000)
(-3.490659,1.047198,0.000000)(-3.490659,1.745329,0.000000)(0.000000,1.000000,0.000000)
(-3.490659,1.047198,0.000000)(-2.094395,0.349066,0.000000)(0.000000,1.000000,0.000000)
(-3.490659,1.745329,0.000000)(-2.094395,1.745329,0.000000)(0.000000,1.000000,0.000000)
(-3.490659,1.745329,0.000000)(-3.490659,2.443461,0.000000)(0.000000,1.000000,0.000000)
(-3.490659,1.745329,0.000000)(-2.094395,1.047198,0.000000)(0.000000,1.000000,0.000000)
(-3.490659,2.443461,0.000000)(-2.094395,2.443461,0.000000)(0.000000,1.000000,0.000000)
(-3.490659,2.443461,0.000000)(-3.490659,3.141593,0.000000)(0.000000,1.000000,0.000000)
(-3.490659,2.443461,0.000000)(-2.094395,1.745329,0.000000)(0.000000,1.000000,0.000000)
(-3.490659,3.141593,0.000000)(-2.094395,3.141593,0.000000)(0.000000,1.000000,0.000000)
(-3.490659,3.141593,0.000000)(-2.094395,2.443461,0.000000)(0.000000,1.000000,0.000000)
(-2.094395,-3.141593,0.000000)(-0.698132,-3.141593,0.000000)(0.000000,1.000000,0.000000)
(-2.094395,-3.141593,0.000000)(-2.094395,-2.443461,0.000000)(0.000000,1.000000,0.000000)
(-2.094395,-2.443461,0.000000)(-0.698132,-2.443461,0.000000)(0.000000,1.000000,0.000000)
(-2.094395,-2.443461,0.000000)(-2.094395,-1.745329,0.000000)(0.000000,1.000000,0.000000)
(-2.094395,-2.443461,0.000000)(-0.698132,-3.141593,0.000000)(0.000000,1.000000,0.000000)
(-2.094395,-1.745329,0.000000)(-0.698132,-1.745329,0.000000)(0.000000,1.000000,0.000000)
(-2.094395,-1.745329,0.000000)(-2.094395,-1.047198,0.000000)(0.000000,1.000000,0.000000)
(-2.094395,-1.745329,0.000000)(-0.698132,-2.443461,0.000000)(0.000000,1.000000,0.000000)
(-2.094395,-1.047198,0.000000)(-0.698132,-1.047198,0.000000)(0.000000,1.000000,0.000000)
(-2.094395,-1.047198,0.000000)(-2.094395,-0.349066,0.000000)(0.000000,1.000000,0.000000)
(-2.094395,-1.047198,0.000000)(-0.698132,-1.745329,0.000000)(0.000000,1.000000,0.000000)
(-2.094395,-0.349066,0.000000)(-0.698132,-0.349066,0.000000)(0.000000,1.000000,0.000000)
(-2.094395,-0.349066,0.000000)(-2.094395,0.349066,0.000000)(0.000000,1.000000,0.000000)
(-2.094395,-0.349066,0.000000)(-0.698132,-1.047198,0.000000)(0.000000,1.000000,0.000000)
(-2.094395,0.349066,0.000000)(-0.698132,0.349066,0.000000)(0.000000,1.000000,0.000000)
(-2.094395,0.349066,0.000000)(-2.094395,1.047198,0.000000)(0.000000,1.000000,0.000000)
(-2.094395,0.349066,0.000000)(-0.698132,-0.349066,0.000000)(0.000000,1.000000,0.000000)
(-2.094395,1.047198,0.000000)(-0.698132,1.047198,0.000000)(0.000000,1.000000,0.000000)
(-2.094395,1.047198,0.000000)(-2.094395,1.745329,0.000000)(0.000000,1.000000,0.000000)
(-2.094395,1.047198,0.000000)(-0.698132,0.349066,0.000000)(0.000000,1.000000,0.000000)
(-2.094395,1.745329,0.000000)(-0.698132,1.745329,0.000000)(0.000000,1.000000,0.000000)
(-2.094395,1.745329,0.000000)(-2.094395,2.443461,0.000000)(0.000000,1.000000,0.000000)
(-2.094395,1.745329,0.000000)(-0.698132,1.047198,0.000000)(0.000000,1.000000,0.000000)
(-2.094395,2.443461,0.000000)(-0.698132,2.443461,0.000000)(0.000000,1.000000,0.000000)
(-2.094395,2.443461,0.000000)(-2.094395,3.141593,0.000000)(0.000000,1.000000,0.000000)
(-2.094395,2.443461,0.000000)(-0.698132,1.745329,0.000000)(0.000000,1.000000,0.000000)
(-2.094395,3.141593,0.000000)(-0.698132,3.141593,0.000000)(0.000000,1.000000,0.000000)
(-2.094395,3.141593,0.000000)(-0.698132,2.443461,0.000000)(0.000000,1.000000,0.000000)
(-0.698132,-3.141593,0.000000)(0.698132,-3.141593,0.000000)(0.000000,1.000000,0.000000)
(-0.698132,-3.141593,0.000000)(-0.698132,-2.443461,0.000000)(0.000000,1.000000,0.000000)
(-0.698132,-2.443461,0.000000)(0.698132,-2.443461,0.000000)(0.000000,1.000000,0.000000)
(-0.698132,-2.443461,0.000000)(-0.698132,-1.745329,0.000000)(0.000000,1.000000,0.000000)
(-0.698132,-2.443461,0.000000)(0.698132,-3.141593,0.000000)(0.000000,1.000000,0.000000)
(-0.698132,-1.745329,0.000000)(0.698132,-1.745329,0.000000)(0.000000,1.000000,0.000000)
(-0.698132,-1.745329,0.000000)(-0.698132,-1.047198,0.000000)(0.000000,1.000000,0.000000)
(-0.698132,-1.745329,0.000000)(0.698132,-2.443461,0.000000)(0.000000,1.000000,0.000000)
(-0.698132,-1.047198,0.000000)(0.698132,-1.047198,0.000000)(0.000000,1.000000,0.000000)
(-0.698132,-1.047198,0.000000)(-0.698132,-0.349066,0.000000)(0.000000,1.000000,0.000000)
(-0.698132,-1.047198,0.000000)(0.698132,-1.745329,0.000000)(0.000000,1.000000,0.000000)
(-0.698132,-0.349066,0.000000)(0.698132,-0.349066,0.000000)(0.000000,1.000000,0.000000)
(-0.698132,-0.349066,0.000000)(-0.698132,0.349066,0.000000)(0.000000,1.000000,0.000000)
(-0.698132,-0.349066,0.000000)(0.698132,-1.047198,0.000000)(0.000000,1.000000,0.000000)
(-0.698132,0.349066,0.000000)(0.698132,0.349066,0.000000)(0.000000,1.000000,0.000000)
(-0.698132,0.349066,0.000000)(-0.698132,1.047198,0.000000)(0.000000,1.000000,0.000000)
(-0.698132,0.349066,0.000000)(0.698132,-0.349066,0.000000)(0.000000,1.000000,0.000000)
(-0.698132,1.047198,0.000000)(0.698132,1.047198,0.000000)(0.000000,1.000000,0.000000)
(-0.698132,1.047198,0.000000)(-0.698132,1.745329,0.000000)(0.000000,1.000000,0.000000)
(-0.698132,1.047198,0.000000)(0.698132,0.349066,0.000000)(0.000000,1.000000,0.000000)
(-0.698132,1.745329,0.000000)(0.698132,1.745329,0.000000)(0.000000,1.000000,0.000000)
(-0.698132,1.745329,0.000000)(-0.698132,2.443461,0.000000)(0.000000,1.000000,0.000000)
(-0.698132,1.745329,0.000000)(0.698132,1.047198,0.000000)(0.000000,1.000000,0.000000)
(-0.698132,2.443461,0.000000)(0.698132,2.443461,0.000000)(0.000000,1.000000,0.000000)
(-0.698132,2.443461,0.000000)(-0.698132,3.141593,0.000000)(0.000000,1.000000,0.000000)
(-0.698132,2.443461,0.000000)(0.698132,1.745329,0.000000)(0.000000,1.000000,0.000000)
(-0.698132,3.141593,0.000000)(0.698132,3.141593,0.000000)(0.000000,1.000000,0.000000)
(-0.698132,3.141593,0.000000)(0.698132,2.443461,0.000000)(0.000000,1.000000,0.000000)
(0.698132,-3.141593,0.000000)(2.094395,-3.141593,0.000000)(0.000000,1.000000,0.000000)
(0.698132,-3.141593,0.000000)(0.698132,-2.443461,0.000000)(0.000000,1.000000,0.000000)
(0.698132,-2.443461,0.000000)(2.094395,-2.443461,0.000000)(0.000000,1.000000,0.000000)
(0.698132,-2.443461,0.000000)(0.698132,-1.745329,0.000000)(0.000000,1.000000,0.000000)
(0.698132,-2.443461,0.000000)(2.094395,-3.141593,0.000000)(0.000000,1.000000,0.000000)
(0.698132,-1.745329,0.000000)(2.094395,-1.745329,0.000000)(0.000000,1.000000,0.000000)
(0.698132,-1.745329,0.000000)(0.698132,-1.047198,0.000000)(0.000000,1.000000,0.000000)
(0.698132,-1.745329,0.000000)(2.094395,-2.443461,0.000000)(0.000000,1.000000,0.000000)
(0.698132,-1.047198,0.000000)(2.094395,-1.047198,0.000000)(0.000000,1.000000,0.000000)
(0.698132,-1.047198,0.000000)(0.698132,-0.349066,0.000000)(0.000000,1.000000,0.000000)
(0.698132,-1.047198,0.000000)(2.094395,-1.745329,0.000000)(0.000000,1.000000,0.000000)
(0.698132,-0.349066,0.000000)(2.094395,-0.349066,0.000000)(0.000000,1.000000,0.000000)
(0.698132,-0.349066,0.000000)(0.698132,0.349066,0.000000)(0.000000,1.000000,0.000000)
(0.698132,-0.349066,0.000000)(2.094395,-1.047198,0.000000)(0.000000,1.000000,0.000000)
(0.698132,0.349066,0.000000)(2.094395,0.349066,0.000000)(0.000000,1.000000,0.000000)
(0.698132,0.349066,0.000000)(0.698132,1.047198,0.000000)(0.000000,1.000000,0.000000)
(0.698132,0.349066,0.000000)(2.094395,-0.349066,0.000000)(0.000000,1.000000,0.000000)
(0.698132,1.047198,0.000000)(2.094395,1.047198,0.000000)(0.000000,1.000000,0.000000)
(0.698132,1.047198,0.000000)(0.698132,1.745329,0.000000)(0.000000,1.000000,0.000000)
(0.698132,1.047198,0.000000)(2.094395,0.349066,0.000000)(0.000000,1.000000,0.000000)
(0.698132,1.745329,0.000000)(2.094395,1.745329,0.000000)(0.000000,1.000000,0.000000)
(0.698132,1.745329,0.000000)(0.698132,2.443461,0.000000)(0.000000,1.000000,0.000000)
(0.698132,1.745329,0.000000)(2.094395,1.047198,0.000000)(0.000000,1.000000,0.000000)
(0.698132,2.443461,0.000000)(2.094395,2.443461,0.000000)(0.000000,1.000000,0.000000)
(0.698132,2.443461,0.000000)(0.698132,3.141593,0.000000)(0.000000,1.000000,0.000000)
(0.698132,2.443461,0.000000)(2.094395,1.745329,0.000000)(0.000000,1.000000,0.000000)
(0.698132,3.141593,0.000000)(2.094395,3.141593,0.000000)(0.000000,1.000000,0.000000)
(0.698132,3.141593,0.000000)(2.094395,2.443461,0.000000)(0.000000,1.000000,0.000000)
(2.094395,-3.141593,0.000000)(3.490659,-3.141593,0.000000)(0.000000,1.000000,0.000000)
(2.094395,-3.141593,0.000000)(2.094395,-2.443461,0.000000)(0.000000,1.000000,0.000000)
(2.094395,-2.443461,0.000000)(3.490659,-2.443461,0.000000)(0.000000,1.000000,0.000000)
(2.094395,-2.443461,0.000000)(2.094395,-1.745329,0.000000)(0.000000,1.000000,0.000000)
(2.094395,-2.443461,0.000000)(3.490659,-3.141593,0.000000)(0.000000,1.000000,0.000000)
(2.094395,-1.745329,0.000000)(3.490659,-1.745329,0.000000)(0.000000,1.000000,0.000000)
(2.094395,-1.745329,0.000000)(2.094395,-1.047198,0.000000)(0.000000,1.000000,0.000000)
(2.094395,-1.745329,0.000000)(3.490659,-2.443461,0.000000)(0.000000,1.000000,0.000000)
(2.094395,-1.047198,0.000000)(3.490659,-1.047198,0.000000)(0.000000,1.000000,0.000000)
(2.094395,-1.047198,0.000000)(2.094395,-0.349066,0.000000)(0.000000,1.000000,0.000000)
(2.094395,-1.047198,0.000000)(3.490659,-1.745329,0.000000)(0.000000,1.000000,0.000000)
(2.094395,-0.349066,0.000000)(3.490659,-0.349066,0.000000)(0.000000,1.000000,0.000000)
(2.094395,-0.349066,0.000000)(2.094395,0.349066,0.000000)(0.000000,1.000000,0.000000)
(2.094395,-0.349066,0.000000)(3.490659,-1.047198,0.000000)(0.000000,1.000000,0.000000)
(2.094395,0.349066,0.000000)(3.490659,0.349066,0.000000)(0.000000,1.000000,0.000000)
(2.094395,0.349066,0.000000)(2.094395,1.047198,0.000000)(0.000000,1.000000,0.000000)
(2.094395,0.349066,0.000000)(3.490659,-0.349066,0.000000)(0.000000,1.000000,0.000000)
(2.094395,1.047198,0.000000)(3.490659,1.047198,0.000000)(0.000000,1.000000,0.000000)
(2.094395,1.047198,0.000000)(2.094395,1.745329,0.000000)(0.000000,1.000000,0.000000)
(2.094395,1.047198,0.000000)(3.490659,0.349066,0.000000)(0.000000,1.000000,0.000000)
(2.094395,1.745329,0.000000)(3.490659,1.745329,0.000000)(0.000000,1.000000,0.000000)
(2.094395,1.745329,0.000000)(2.094395,2.443461,0.000000)(0.000000,1.000000,0.000000)
(2.094395,1.745329,0.000000)(3.490659,1.047198,0.000000)(0.000000,1.000000,0.000000)
(2.094395,2.443461,0.000000)(3.490659,2.443461,0.000000)(0.000000,1.000000,0.000000)
(2.094395,2.443461,0.000000)(2.094395,3.141593,0.000000)(0.000000,1.000000,0.000000)
(2.094395,2.443461,0.000000)(3.490659,1.745329,0.000000)(0.000000,1.000000,0.000000)
(2.094395,3.141593,0.000000)(3.490659,3.141593,0.000000)(0.000000,1.000000,0.000000)
(2.094395,3.141593,0.000000)(3.490659,2.443461,0.000000)(0.000000,1.000000,0.000000)
(3.490659,-3.141593,0.000000)(4.886922,-3.141593,0.000000)(0.000000,1.000000,0.000000)
(3.490659,-3.141593,0.000000)(3.490659,-2.443461,0.000000)(0.000000,1.000000,0.000000)
(3.490659,-2.443461,0.000000)(4.886922,-2.443461,0.000000)(0.000000,1.000000,0.000000)
(3.490659,-2.443461,0.000000)(3.490659,-1.745329,0.000000)(0.000000,1.000000,0.000000)
(3.490659,-2.443461,0.000000)(4.886922,-3.141593,0.000000)(0.000000,1.000000,0.000000)
(3.490659,-1.745329,0.000000)(4.886922,-1.745329,0.000000)(0.000000,1.000000,0.000000)
(3.490659,-1.745329,0.000000)(3.490659,-1.047198,0.000000)(0.000000,1.000000,0.000000)
(3.490659,-1.745329,0.000000)(4.886922,-2.443461,0.000000)(0.000000,1.000000,0.000000)
(3.490659,-1.047198,0.000000)(4.886922,-1.047198,0.000000)(0.000000,1.000000,0.000000)
(3.490659,-1.047198,0.000000)(3.490659,-0.349066,0.000000)(0.000000,1.000000,0.000000)
(3.490659,-1.047198,0.000000)(4.886922,-1.745329,0.000000)(0.000000,1.000000,0.000000)
(3.490659,-0.349066,0.000000)(4.886922,-0.349066,0.000000)(0.000000,1.000000,0.000000)
(3.490659,-0.349066,0.000000)(3.490659,0.349066,0.000000)(0.000000,1.000000,0.000000)
(3.490659,-0.349066,0.000000)(4.886922,-1.047198,0.000000)(0.000000,1.000000,0.000000)
(3.490659,0.349066,0.000000)(4.886922,0.349066,0.000000)(0.000000,1.000000,0.000000)
(3.490659,0.349066,0.000000)(3.490659,1.047198,0.000000)(0.000000,1.000000,0.000000)
(3.490659,0.349066,0.000000)(4.886922,-0.349066,0.000000)(0.000000,1.000000,0.000000)
(3.490659,1.047198,0.000000)(4.886922,1.047198,0.000000)(0.000000,1.000000,0.000000)
(3.490659,1.047198,0.000000)(3.490659,1.745329,0.000000)(0.000000,1.000000,0.000000)
(3.490659,1.047198,0.000000)(4.886922,0.349066,0.000000)(0.000000,1.000000,0.000000)
(3.490659,1.745329,0.000000)(4.886922,1.745329,0.000000)(0.000000,1.000000,0.000000)
(3.490659,1.745329,0.000000)(3.490659,2.443461,0.000000)(0.000000,1.000000,0.000000)
(3.490659,1.745329,0.000000)(4.886922,1.047198,0.000000)(0.000000,1.000000,0.000000)
(3.490659,2.443461,0.000000)(4.886922,2.443461,0.000000)(0.000000,1.000000,0.000000)
(3.490659,2.443461,0.000000)(3.490659,3.141593,0.000000)(0.000000,1.000000,0.000000)
(3.490659,2.443461,0.000000)(4.886922,1.745329,0.000000)(0.000000,1.000000,0.000000)
(3.490659,3.141593,0.000000)(4.886922,3.141593,0.000000)(0.000000,1.000000,0.000000)
(3.490659,3.141593,0.000000)(4.886922,2.443461,0.000000)(0.000000,1.000000,0.000000)
(4.886922,-3.141593,0.000000)(6.283185,-3.141593,0.000000)(0.000000,1.000000,0.000000)
(4.886922,-3.141593,0.000000)(4.886922,-2.443461,0.000000)(0.000000,1.000000,0.000000)
(4.886922,-2.443461,0.000000)(6.283185,-2.443461,0.000000)(0.000000,1.000000,0.000000)
(4.886922,-2.443461,0.000000)(4.886922,-1.745329,0.000000)(0.000000,1.000000,0.000000)
(4.886922,-2.443461,0.000000)(6.283185,-3.141593,0.000000)(0.000000,1.000000,0.000000)
(4.886922,-1.745329,0.000000)(6.283185,-1.745329,0.000000)(0.000000,1.000000,0.000000)
(4.886922,-1.745329,0.000000)(4.886922,-1.047198,0.000000)(0.000000,1.000000,0.000000)
(4.886922,-1.745329,0.000000)(6.283185,-2.443461,0.000000)(0.000000,1.000000,0.000000)
(4.886922,-1.047198,0.000000)(6.283185,-1.047198,0.000000)(0.000000,1.000000,0.000000)
(4.886922,-1.047198,0.000000)(4.886922,-0.349066,0.000000)(0.000000,1.000000,0.000000)
(4.886922,-1.047198,0.000000)(6.283185,-1.745329,0.000000)(0.000000,1.000000,0.000000)
(4.886922,-0.349066,0.000000)(6.283185,-0.349066,0.000000)(0.000000,1.000000,0.000000)
(4.886922,-0.349066,0.000000)(4.886922,0.349066,0.000000)(0.000000,1.000000,0.000000)
(4.886922,-0.349066,0.000000)(6.283185,-1.047198,0.000000)(0.000000,1.000000,0.000000)
(4.886922,0.349066,0.000000)(6.283185,0.349066,0.000000)(0.000000,1.000000,0.000000)
(4.886922,0.349066,0.000000)(4.886922,1.047198,0.000000)(0.000000,1.000000,0.000000)
(4.886922,0.349066,0.000000)(6.283185,-0.349066,0.000000)(0.000000,1.000000,0.000000)
(4.886922,1.047198,0.000000)(6.283185,1.047198,0.000000)(0.000000,1.000000,0.000000)
(4.886922,1.047198,0.000000)(4.886922,1.745329,0.000000)(0.000000,1.000000,0.000000)
(4.886922,1.047198,0.000000)(6.283185,0.349066,0.000000)(0.000000,1.000000,0.000000)
(4.886922,1.745329,0.000000)(6.283185,1.745329,0.000000)(0.000000,1.000000,0.000000)
(4.886922,1.745329,0.000000)(4.886922,2.443461,0.000000)(0.000000,1.000000,0.000000)
(4.886922,1.745329,0.000000)(6.283185,1.047198,0.000000)(0.000000,1.000000,0.000000)
(4.886922,2.443461,0.000000)(6.283185,2.443461,0.000000)(0.000000,1.000000,0.000000)
(4.886922,2.443461,0.000000)(4.886922,3.141593,0.000000)(0.000000,1.000000,0.000000)
(4.886922,2.443461,0.000000)(6.283185,1.745329,0.000000)(0.000000,1.000000,0.000000)
(4.886922,3.141593,0.000000)(6.283185,3.141593,0.000000)(0.000000,1.000000,0.000000)
(4.886922,3.141593,0.000000)(6.283185,2.443461,0.000000)(0.000000,1.000000,0.000000)
(6.283185,-3.141593,0.000000)(6.283185,-2.443461,0.000000)(0.000000,1.000000,0.000000)
(6.283185,-2.443461,0.000000)(6.283185,-1.745329,0.000000)(0.000000,1.000000,0.000000)
(6.283185,-1.745329,0.000000)(6.283185,-1.047198,0.000000)(0.000000,1.000000,0.000000)
(6.283185,-1.047198,0.000000)(6.283185,-0.349066,0.000000)(0.000000,1.000000,0.000000)
(6.283185,-0.349066,0.000000)(6.283185,0.349066,0.000000)(0.000000,1.000000,0.000000)
(6.283185,0.349066,0.000000)(6.283185,1.047198,0.000000)(0.000000,1.000000,0.000000)
(6.283185,1.047198,0.000000)(6.283185,1.745329,0.000000)(0.000000,1.000000,0.000000)
(6.283185,1.745329,0.000000)(6.283185,2.443461,0.000000)(0.000000,1.000000,0.000000)
(6.283185,2.443461,0.000000)(6.283185,3.141593,0.000000)(0.000000,1.000000,0.000000)

