points: surface[0][0]
(0.000000,0.000000,0.000000)
points: surface[0][1]
(0.000000,0.050000,0.000000)
points: surface[0][2]
(0.000000,0.100000,0.000000)
points: surface[0][3]
(0.000000,0.150000,0.000000)
points: surface[0][4]
(0.000000,0.200000,0.000000)
points: surface[0][5]
(0.000000,0.250000,0.000000)
points: surface[0][6]
(0.000000,0.300000,0.000000)
points: surface[0][7]
(0.000000,0.350000,0.000000)
points: surface[0][8]
(0.000000,0.400000,0.000000)
points: surface[0][9]
(0.000000,0.450000,0.000000)
points: surface[0][10]
(0.000000,0.500000,0.000000)
points: surface[0][11]
(0.000000,0.550000,0.000000)
points: surface[0][12]
(0.000000,0.600000,0.000000)
points: surface[0][13]
(0.000000,0.650000,0.000000)
points: surface[0][14]
(0.000000,0.700000,0.000000)
points: surface[0][15]
(0.000000,0.750000,0.000000)
points: surface[0][16]
(0.000000,0.800000,0.000000)
points: surface[0][17]
(0.000000,0.850000,0.000000)
points: surface[0][18]
(0.000000,0.900000,0.000000)
points: surface[0][19]
(0.000000,0.950000,0.000000)
points: surface[1][0]
(0.000000,0.000000,0.050000)
points: surface[1][1]
(0.000000,0.050000,0.050000)
points: surface[1][2]
(0.000000,0.100000,0.050000)
points: surface[1][3]
(0.000000,0.150000,0.050000)
points: surface[1][4]
(0.000000,0.200000,0.050000)
points: surface[1][5]
(0.000000,0.250000,0.050000)
points: surface[1][6]
(0.000000,0.300000,0.050000)
points: surface[1][7]
(0.000000,0.350000,0.050000)
points: surface[1][8]
(0.000000,0.400000,0.050000)
points: surface[1][9]
(0.000000,0.450000,0.050000)
points: surface[1][10]
(0.000000,0.500000,0.050000)
points: surface[1][11]
(0.000000,0.550000,0.050000)
points: surface[1][12]
(0.000000,0.600000,0.050000)
points: surface[1][13]
(0.000000,0.650000,0.050000)
points: surface[1][14]
(0.000000,0.700000,0.050000)
points: surface[1][15]
(0.000000,0.750000,0.050000)
points: surface[1][16]
(0.000000,0.800000,0.050000)
points: surface[1][17]
(0.000000,0.850000,0.050000)
points: surface[1][18]
(0.000000,0.900000,0.050000)
points: surface[1][19]
(0.000000,0.950000,0.050000)
points: surface[2][0]
(0.000000,0.000000,0.100000)
points: surface[2][1]
(0.000000,0.050000,0.100000)
points: surface[2][2]
(0.000000,0.100000,0.100000)
points: surface[2][3]
(0.000000,0.150000,0.100000)
points: surface[2][4]
(0.000000,0.200000,0.100000)
points: surface[2][5]
(0.000000,0.250000,0.100000)
points: surface[2][6]
(0.000000,0.300000,0.100000)
points: surface[2][7]
(0.000000,0.350000,0.100000)
points: surface[2][8]
(0.000000,0.400000,0.100000)
points: surface[2][9]
(0.000000,0.450000,0.100000)
points: surface[2][10]
(0.000000,0.500000,0.100000)
points: surface[2][11]
(0.000000,0.550000,0.100000)
points: surface[2][12]
(0.000000,0.600000,0.100000)
points: surface[2][13]
(0.000000,0.650000,0.100000)
points: surface[2][14]
(0.000000,0.700000,0.100000)
points: surface[2][15]
(0.000000,0.750000,0.100000)
points: surface[2][16]
(0.000000,0.800000,0.100000)
points: surface[2][17]
(0.000000,0.850000,0.100000)
points: surface[2][18]
(0.000000,0.900000,0.100000)
points: surface[2][19]
(0.000000,0.950000,0.100000)
points: surface[3][0]
(0.000000,0.000000,0.150000)
points: surface[3][1]
(0.000000,0.050000,0.150000)
points: surface[3][2]
(0.000000,0.100000,0.150000)
points: surface[3][3]
(0.000000,0.150000,0.150000)
points: surface[3][4]
(0.000000,0.200000,0.150000)
points: surface[3][5]
(0.000000,0.250000,0.150000)
points: surface[3][6]
(0.000000,0.300000,0.150000)
points: surface[3][7]
(0.000000,0.350000,0.150000)
points: surface[3][8]
(0.000000,0.400000,0.150000)
points: surface[3][9]
(0.000000,0.450000,0.150000)
points: surface[3][10]
(0.000000,0.500000,0.150000)
points: surface[3][11]
(0.000000,0.550000,0.150000)
points: surface[3][12]
(0.000000,0.600000,0.150000)
points: surface[3][13]
(0.000000,0.650000,0.150000)
points: surface[3][14]
(0.000000,0.700000,0.150000)
points: surface[3][15]
(0.000000,0.750000,0.150000)
points: surface[3][16]
(0.000000,0.800000,0.150000)
points: surface[3][17]
(0.000000,0.850000,0.150000)
points: surface[3][18]
(0.000000,0.900000,0.150000)
points: surface[3][19]
(0.000000,0.950000,0.150000)
points: surface[4][0]
(0.000000,0.000000,0.200000)
points: surface[4][1]
(0.000000,0.050000,0.200000)
points: surface[4][2]
(0.000000,0.100000,0.200000)
points: surface[4][3]
(0.000000,0.150000,0.200000)
points: surface[4][4]
(0.000000,0.200000,0.200000)
points: surface[4][5]
(0.000000,0.250000,0.200000)
points: surface[4][6]
(0.000000,0.300000,0.200000)
points: surface[4][7]
(0.000000,0.350000,0.200000)
points: surface[4][8]
(0.000000,0.400000,0.200000)
points: surface[4][9]
(0.000000,0.450000,0.200000)
points: surface[4][10]
(0.000000,0.500000,0.200000)
points: surface[4][11]
(0.000000,0.550000,0.200000)
points: surface[4][12]
(0.000000,0.600000,0.200000)
points: surface[4][13]
(0.000000,0.650000,0.200000)
points: surface[4][14]
(0.000000,0.700000,0.200000)
points: surface[4][15]
(0.000000,0.750000,0.200000)
points: surface[4][16]
(0.000000,0.800000,0.200000)
points: surface[4][17]
(0.000000,0.850000,0.200000)
points: surface[4][18]
(0.000000,0.900000,0.200000)
points: surface[4][19]
(0.000000,0.950000,0.200000)
points: surface[5][0]
(0.000000,0.000000,0.250000)
points: surface[5][1]
(0.000000,0.050000,0.250000)
points: surface[5][2]
(0.000000,0.100000,0.250000)
points: surface[5][3]
(0.000000,0.150000,0.250000)
points: surface[5][4]
(0.000000,0.200000,0.250000)
points: surface[5][5]
(0.000000,0.250000,0.250000)
points: surface[5][6]
(0.000000,0.300000,0.250000)
points: surface[5][7]
(0.000000,0.350000,0.250000)
points: surface[5][8]
(0.000000,0.400000,0.250000)
points: surface[5][9]
(0.000000,0.450000,0.250000)
points: surface[5][10]
(0.000000,0.500000,0.250000)
points: surface[5][11]
(0.000000,0.550000,0.250000)
points: surface[5][12]
(0.000000,0.600000,0.250000)
points: surface[5][13]
(0.000000,0.650000,0.250000)
points: surface[5][14]
(0.000000,0.700000,0.250000)
points: surface[5][15]
(0.000000,0.750000,0.250000)
points: surface[5][16]
(0.000000,0.800000,0.250000)
points: surface[5][17]
(0.000000,0.850000,0.250000)
points: surface[5][18]
(0.000000,0.900000,0.250000)
points: surface[5][19]
(0.000000,0.950000,0.250000)
points: surface[6][0]
(0.000000,0.000000,0.300000)
points: surface[6][1]
(0.000000,0.050000,0.300000)
points: surface[6][2]
(0.000000,0.100000,0.300000)
points: surface[6][3]
(0.000000,0.150000,0.300000)
points: surface[6][4]
(0.000000,0.200000,0.300000)
points: surface[6][5]
(0.000000,0.250000,0.300000)
points: surface[6][6]
(0.000000,0.300000,0.300000)
points: surface[6][7]
(0.000000,0.350000,0.300000)
points: surface[6][8]
(0.000000,0.400000,0.300000)
points: surface[6][9]
(0.000000,0.450000,0.300000)
points: surface[6][10]
(0.000000,0.500000,0.300000)
points: surface[6][11]
(0.000000,0.550000,0.300000)
points: surface[6][12]
(0.000000,0.600000,0.300000)
points: surface[6][13]
(0.000000,0.650000,0.300000)
points: surface[6][14]
(0.000000,0.700000,0.300000)
points: surface[6][15]
(0.000000,0.750000,0.300000)
points: surface[6][16]
(0.000000,0.800000,0.300000)
points: surface[6][17]
(0.000000,0.850000,0.300000)
points: surface[6][18]
(0.000000,0.900000,0.300000)
points: surface[6][19]
(0.000000,0.950000,0.300000)
points: surface[7][0]
(0.000000,0.000000,0.350000)
points: surface[7][1]
(0.000000,0.050000,0.350000)
points: surface[7][2]
(0.000000,0.100000,0.350000)
points: surface[7][3]
(0.000000,0.150000,0.350000)
points: surface[7][4]
(0.000000,0.200000,0.350000)
points: surface[7][5]
(0.000000,0.250000,0.350000)
points: surface[7][6]
(0.000000,0.300000,0.350000)
points: surface[7][7]
(0.000000,0.350000,0.350000)
points: surface[7][8]
(0.000000,0.400000,0.350000)
points: surface[7][9]
(0.000000,0.450000,0.350000)
points: surface[7][10]
(0.000000,0.500000,0.350000)
points: surface[7][11]
(0.000000,0.550000,0.350000)
points: surface[7][12]
(0.000000,0.600000,0.350000)
points: surface[7][13]
(0.000000,0.650000,0.350000)
points: surface[7][14]
(0.000000,0.700000,0.350000)
points: surface[7][15]
(0.000000,0.750000,0.350000)
points: surface[7][16]
(0.000000,0.800000,0.350000)
points: surface[7][17]
(0.000000,0.850000,0.350000)
points: surface[7][18]
(0.000000,0.900000,0.350000)
points: surface[7][19]
(0.000000,0.950000,0.350000)
points: surface[8][0]
(0.000000,0.000000,0.400000)
points: surface[8][1]
(0.000000,0.050000,0.400000)
points: surface[8][2]
(0.000000,0.100000,0.400000)
points: surface[8][3]
(0.000000,0.150000,0.400000)
points: surface[8][4]
(0.000000,0.200000,0.400000)
points: surface[8][5]
(0.000000,0.250000,0.400000)
points: surface[8][6]
(0.000000,0.300000,0.400000)
points: surface[8][7]
(0.000000,0.350000,0.400000)
points: surface[8][8]
(0.000000,0.400000,0.400000)
points: surface[8][9]
(0.000000,0.450000,0.400000)
points: surface[8][10]
(0.000000,0.500000,0.400000)
points: surface[8][11]
(0.000000,0.550000,0.400000)
points: surface[8][12]
(0.000000,0.600000,0.400000)
points: surface[8][13]
(0.000000,0.650000,0.400000)
points: surface[8][14]
(0.000000,0.700000,0.400000)
points: surface[8][15]
(0.000000,0.750000,0.400000)
points: surface[8][16]
(0.000000,0.800000,0.400000)
points: surface[8][17]
(0.000000,0.850000,0.400000)
points: surface[8][18]
(0.000000,0.900000,0.400000)
points: surface[8][19]
(0.000000,0.950000,0.400000)
points: surface[9][0]
(0.000000,0.000000,0.450000)
points: surface[9][1]
(0.000000,0.050000,0.450000)
points: surface[9][2]
(0.000000,0.100000,0.450000)
points: surface[9][3]
(0.000000,0.150000,0.450000)
points: surface[9][4]
(0.000000,0.200000,0.450000)
points: surface[9][5]
(0.000000,0.250000,0.450000)
points: surface[9][6]
(0.000000,0.300000,0.450000)
points: surface[9][7]
(0.000000,0.350000,0.450000)
points: surface[9][8]
(0.000000,0.400000,0.450000)
points: surface[9][9]
(0.000000,0.450000,0.450000)
points: surface[9][10]
(0.000000,0.500000,0.450000)
points: surface[9][11]
(0.000000,0.550000,0.450000)
points: surface[9][12]
(0.000000,0.600000,0.450000)
points: surface[9][13]
(0.000000,0.650000,0.450000)
points: surface[9][14]
(0.000000,0.700000,0.450000)
points: surface[9][15]
(0.000000,0.750000,0.450000)
points: surface[9][16]
(0.000000,0.800000,0.450000)
points: surface[9][17]
(0.000000,0.850000,0.450000)
points: surface[9][18]
(0.000000,0.900000,0.450000)
points: surface[9][19]
(0.000000,0.950000,0.450000)
points: surface[10][0]
(0.000000,0.000000,0.500000)
points: surface[10][1]
(0.000000,0.050000,0.500000)
points: surface[10][2]
(0.000000,0.100000,0.500000)
points: surface[10][3]
(0.000000,0.150000,0.500000)
points: surface[10][4]
(0.000000,0.200000,0.500000)
points: surface[10][5]
(0.000000,0.250000,0.500000)
points: surface[10][6]
(0.000000,0.300000,0.500000)
points: surface[10][7]
(0.000000,0.350000,0.500000)
points: surface[10][8]
(0.000000,0.400000,0.500000)
points: surface[10][9]
(0.000000,0.450000,0.500000)
points: surface[10][10]
(0.000000,0.500000,0.500000)
points: surface[10][11]
(0.000000,0.550000,0.500000)
points: surface[10][12]
(0.000000,0.600000,0.500000)
points: surface[10][13]
(0.000000,0.650000,0.500000)
points: surface[10][14]
(0.000000,0.700000,0.500000)
points: surface[10][15]
(0.000000,0.750000,0.500000)
points: surface[10][16]
(0.000000,0.800000,0.500000)
points: surface[10][17]
(0.000000,0.850000,0.500000)
points: surface[10][18]
(0.000000,0.900000,0.500000)
points: surface[10][19]
(0.000000,0.950000,0.500000)
points: surface[11][0]
(0.000000,0.000000,0.550000)
points: surface[11][1]
(0.000000,0.050000,0.550000)
points: surface[11][2]
(0.000000,0.100000,0.550000)
points: surface[11][3]
(0.000000,0.150000,0.550000)
points: surface[11][4]
(0.000000,0.200000,0.550000)
points: surface[11][5]
(0.000000,0.250000,0.550000)
points: surface[11][6]
(0.000000,0.300000,0.550000)
points: surface[11][7]
(0.000000,0.350000,0.550000)
points: surface[11][8]
(0.000000,0.400000,0.550000)
points: surface[11][9]
(0.000000,0.450000,0.550000)
points: surface[11][10]
(0.000000,0.500000,0.550000)
points: surface[11][11]
(0.000000,0.550000,0.550000)
points: surface[11][12]
(0.000000,0.600000,0.550000)
points: surface[11][13]
(0.000000,0.650000,0.550000)
points: surface[11][14]
(0.000000,0.700000,0.550000)
points: surface[11][15]
(0.000000,0.750000,0.550000)
points: surface[11][16]
(0.000000,0.800000,0.550000)
points: surface[11][17]
(0.000000,0.850000,0.550000)
points: surface[11][18]
(0.000000,0.900000,0.550000)
points: surface[11][19]
(0.000000,0.950000,0.550000)
points: surface[12][0]
(0.000000,0.000000,0.600000)
points: surface[12][1]
(0.000000,0.050000,0.600000)
points: surface[12][2]
(0.000000,0.100000,0.600000)
points: surface[12][3]
(0.000000,0.150000,0.600000)
points: surface[12][4]
(0.000000,0.200000,0.600000)
points: surface[12][5]
(0.000000,0.250000,0.600000)
points: surface[12][6]
(0.000000,0.300000,0.600000)
points: surface[12][7]
(0.000000,0.350000,0.600000)
points: surface[12][8]
(0.000000,0.400000,0.600000)
points: surface[12][9]
(0.000000,0.450000,0.600000)
points: surface[12][10]
(0.000000,0.500000,0.600000)
points: surface[12][11]
(0.000000,0.550000,0.600000)
points: surface[12][12]
(0.000000,0.600000,0.600000)
points: surface[12][13]
(0.000000,0.650000,0.600000)
points: surface[12][14]
(0.000000,0.700000,0.600000)
points: surface[12][15]
(0.000000,0.750000,0.600000)
points: surface[12][16]
(0.000000,0.800000,0.600000)
points: surface[12][17]
(0.000000,0.850000,0.600000)
points: surface[12][18]
(0.000000,0.900000,0.600000)
points: surface[12][19]
(0.000000,0.950000,0.600000)
points: surface[13][0]
(0.000000,0.000000,0.650000)
points: surface[13][1]
(0.000000,0.050000,0.650000)
points: surface[13][2]
(0.000000,0.100000,0.650000)
points: surface[13][3]
(0.000000,0.150000,0.650000)
points: surface[13][4]
(0.000000,0.200000,0.650000)
points: surface[13][5]
(0.000000,0.250000,0.650000)
points: surface[13][6]
(0.000000,0.300000,0.650000)
points: surface[13][7]
(0.000000,0.350000,0.650000)
points: surface[13][8]
(0.000000,0.400000,0.650000)
points: surface[13][9]
(0.000000,0.450000,0.650000)
points: surface[13][10]
(0.000000,0.500000,0.650000)
points: surface[13][11]
(0.000000,0.550000,0.650000)
points: surface[13][12]
(0.000000,0.600000,0.650000)
points: surface[13][13]
(0.000000,0.650000,0.650000)
points: surface[13][14]
(0.000000,0.700000,0.650000)
points: surface[13][15]
(0.000000,0.750000,0.650000)
points: surface[13][16]
(0.000000,0.800000,0.650000)
points: surface[13][17]
(0.000000,0.850000,0.650000)
points: surface[13][18]
(0.000000,0.900000,0.650000)
points: surface[13][19]
(0.000000,0.950000,0.650000)
points: surface[14][0]
(0.000000,0.000000,0.700000)
points: surface[14][1]
(0.000000,0.050000,0.700000)
points: surface[14][2]
(0.000000,0.100000,0.700000)
points: surface[14][3]
(0.000000,0.150000,0.700000)
points: surface[14][4]
(0.000000,0.200000,0.700000)
points: surface[14][5]
(0.000000,0.250000,0.700000)
points: surface[14][6]
(0.000000,0.300000,0.700000)
points: surface[14][7]
(0.000000,0.350000,0.700000)
points: surface[14][8]
(0.000000,0.400000,0.700000)
points: surface[14][9]
(0.000000,0.450000,0.700000)
points: surface[14][10]
(0.000000,0.500000,0.700000)
points: surface[14][11]
(0.000000,0.550000,0.700000)
points: surface[14][12]
(0.000000,0.600000,0.700000)
points: surface[14][13]
(0.000000,0.650000,0.700000)
points: surface[14][14]
(0.000000,0.700000,0.700000)
points: surface[14][15]
(0.000000,0.750000,0.700000)
points: surface[14][16]
(0.000000,0.800000,0.700000)
points: surface[14][17]
(0.000000,0.850000,0.700000)
points: surface[14][18]
(0.000000,0.900000,0.700000)
points: surface[14][19]
(0.000000,0.950000,0.700000)
points: surface[15][0]
(0.000000,0.000000,0.750000)
points: surface[15][1]
(0.000000,0.050000,0.750000)
points: surface[15][2]
(0.000000,0.100000,0.750000)
points: surface[15][3]
(0.000000,0.150000,0.750000)
points: surface[15][4]
(0.000000,0.200000,0.750000)
points: surface[15][5]
(0.000000,0.250000,0.750000)
points: surface[15][6]
(0.000000,0.300000,0.750000)
points: surface[15][7]
(0.000000,0.350000,0.750000)
points: surface[15][8]
(0.000000,0.400000,0.750000)
points: surface[15][9]
(0.000000,0.450000,0.750000)
points: surface[15][10]
(0.000000,0.500000,0.750000)
points: surface[15][11]
(0.000000,0.550000,0.750000)
points: surface[15][12]
(0.000000,0.600000,0.750000)
points: surface[15][13]
(0.000000,0.650000,0.750000)
points: surface[15][14]
(0.000000,0.700000,0.750000)
points: surface[15][15]
(0.000000,0.750000,0.750000)
points: surface[15][16]
(0.000000,0.800000,0.750000)
points: surface[15][17]
(0.000000,0.850000,0.750000)
points: surface[15][18]
(0.000000,0.900000,0.750000)
points: surface[15][19]
(0.000000,0.950000,0.750000)
points: surface[16][0]
(0.000000,0.000000,0.800000)
points: surface[16][1]
(0.000000,0.050000,0.800000)
points: surface[16][2]
(0.000000,0.100000,0.800000)
points: surface[16][3]
(0.000000,0.150000,0.800000)
points: surface[16][4]
(0.000000,0.200000,0.800000)
points: surface[16][5]
(0.000000,0.250000,0.800000)
points: surface[16][6]
(0.000000,0.300000,0.800000)
points: surface[16][7]
(0.000000,0.350000,0.800000)
points: surface[16][8]
(0.000000,0.400000,0.800000)
points: surface[16][9]
(0.000000,0.450000,0.800000)
points: surface[16][10]
(0.000000,0.500000,0.800000)
points: surface[16][11]
(0.000000,0.550000,0.800000)
points: surface[16][12]
(0.000000,0.600000,0.800000)
points: surface[16][13]
(0.000000,0.650000,0.800000)
points: surface[16][14]
(0.000000,0.700000,0.800000)
points: surface[16][15]
(0.000000,0.750000,0.800000)
points: surface[16][16]
(0.000000,0.800000,0.800000)
points: surface[16][17]
(0.000000,0.850000,0.800000)
points: surface[16][18]
(0.000000,0.900000,0.800000)
points: surface[16][19]
(0.000000,0.950000,0.800000)
points: surface[17][0]
(0.000000,0.000000,0.850000)
points: surface[17][1]
(0.000000,0.050000,0.850000)
points: surface[17][2]
(0.000000,0.100000,0.850000)
points: surface[17][3]
(0.000000,0.150000,0.850000)
points: surface[17][4]
(0.000000,0.200000,0.850000)
points: surface[17][5]
(0.000000,0.250000,0.850000)
points: surface[17][6]
(0.000000,0.300000,0.850000)
points: surface[17][7]
(0.000000,0.350000,0.850000)
points: surface[17][8]
(0.000000,0.400000,0.850000)
points: surface[17][9]
(0.000000,0.450000,0.850000)
points: surface[17][10]
(0.000000,0.500000,0.850000)
points: surface[17][11]
(0.000000,0.550000,0.850000)
points: surface[17][12]
(0.000000,0.600000,0.850000)
points: surface[17][13]
(0.000000,0.650000,0.850000)
points: surface[17][14]
(0.000000,0.700000,0.850000)
points: surface[17][15]
(0.000000,0.750000,0.850000)
points: surface[17][16]
(0.000000,0.800000,0.850000)
points: surface[17][17]
(0.000000,0.850000,0.850000)
points: surface[17][18]
(0.000000,0.900000,0.850000)
points: surface[17][19]
(0.000000,0.950000,0.850000)
points: surface[18][0]
(0.000000,0.000000,0.900000)
points: surface[18][1]
(0.000000,0.050000,0.900000)
points: surface[18][2]
(0.000000,0.100000,0.900000)
points: surface[18][3]
(0.000000,0.150000,0.900000)
points: surface[18][4]
(0.000000,0.200000,0.900000)
points: surface[18][5]
(0.000000,0.250000,0.900000)
points: surface[18][6]
(0.000000,0.300000,0.900000)
points: surface[18][7]
(0.000000,0.350000,0.900000)
points: surface[18][8]
(0.000000,0.400000,0.900000)
points: surface[18][9]
(0.000000,0.450000,0.900000)
points: surface[18][10]
(0.000000,0.500000,0.900000)
points: surface[18][11]
(0.000000,0.550000,0.900000)
points: surface[18][12]
(0.000000,0.600000,0.900000)
points: surface[18][13]
(0.000000,0.650000,0.900000)
points: surface[18][14]
(0.000000,0.700000,0.900000)
points: surface[18][15]
(0.000000,0.750000,0.900000)
points: surface[18][16]
(0.000000,0.800000,0.900000)
points: surface[18][17]
(0.000000,0.850000,0.900000)
points: surface[18][18]
(0.000000,0.900000,0.900000)
points: surface[18][19]
(0.000000,0.950000,0.900000)
points: surface[19][0]
(0.000000,0.000000,0.950000)
points: surface[19][1]
(0.000000,0.050000,0.950000)
points: surface[19][2]
(0.000000,0.100000,0.950000)
points: surface[19][3]
(0.000000,0.150000,0.950000)
points: surface[19][4]
(0.000000,0.200000,0.950000)
points: surface[19][5]
(0.000000,0.250000,0.950000)
points: surface[19][6]
(0.000000,0.300000,0.950000)
points: surface[19][7]
(0.000000,0.350000,0.950000)
points: surface[19][8]
(0.000000,0.400000,0.950000)
points: surface[19][9]
(0.000000,0.450000,0.950000)
points: surface[19][10]
(0.000000,0.500000,0.950000)
points: surface[19][11]
(0.000000,0.550000,0.950000)
points: surface[19][12]
(0.000000,0.600000,0.950000)
points: surface[19][13]
(0.000000,0.650000,0.950000)
points: surface[19][14]
(0.000000,0.700000,0.950000)
points: surface[19][15]
(0.000000,0.750000,0.950000)
points: surface[19][16]
(0.000000,0.800000,0.950000)
points: surface[19][17]
(0.000000,0.850000,0.950000)
points: surface[19][18]
(0.000000,0.900000,0.950000)
points: surface[19][19]
(0.000000,0.950000,0.950000)

