points: cylinder
(1.000000,0.000000,-3.141593)
(1.000000,0.000000,-2.443461)
(1.000000,0.000000,-1.745329)
(1.000000,0.000000,-1.047198)
(1.000000,0.000000,-0.349066)
(1.000000,0.000000,0.349066)
(1.000000,0.000000,1.047198)
(1.000000,0.000000,1.745329)
(1.000000,0.000000,2.443461)
(1.000000,0.000000,3.141593)
(0.173648,0.984808,-3.141593)
(0.173648,0.984808,-2.443461)
(0.173648,0.984808,-1.745329)
(0.173648,0.984808,-1.047198)
(0.173648,0.984808,-0.349066)
(0.173648,0.984808,0.349066)
(0.173648,0.984808,1.047198)
(0.173648,0.984808,1.745329)
(0.173648,0.984808,2.443461)
(0.173648,0.984808,3.141593)
(-0.939693,0.342020,-3.141593)
(-0.939693,0.342020,-2.443461)
(-0.939693,0.342020,-1.745329)
(-0.939693,0.342020,-1.047198)
(-0.939693,0.342020,-0.349066)
(-0.939693,0.342020,0.349066)
(-0.939693,0.342020,1.047198)
(-0.939693,0.342020,1.745329)
(-0.939693,0.342020,2.443461)
(-0.939693,0.342020,3.141593)
(-0.500000,-0.866025,-3.141593)
(-0.500000,-0.866025,-2.443461)
(-0.500000,-0.866025,-1.745329)
(-0.500000,-0.866025,-1.047198)
(-0.500000,-0.866025,-0.349066)
(-0.500000,-0.866025,0.349066)
(-0.500000,-0.866025,1.047198)
(-0.500000,-0.866025,1.745329)
(-0.500000,-0.866025,2.443461)
(-0.500000,-0.866025,3.141593)
(0.766044,-0.642788,-3.141593)
(0.766044,-0.642788,-2.443461)
(0.766044,-0.642788,-1.745329)
(0.766044,-0.642788,-1.047198)
(0.766044,-0.642788,-0.349066)
(0.766044,-0.642788,0.349066)
(0.766044,-0.642788,1.047198)
(0.766044,-0.642788,1.745329)
(0.766044,-0.642788,2.443461)
(0.766044,-0.642788,3.141593)
(0.766044,0.642788,-3.141593)
(0.766044,0.642788,-2.443461)
(0.766044,0.642788,-1.745329)
(0.766044,0.642788,-1.047198)
(0.766044,0.642788,-0.349066)
(0.766044,0.642788,0.349066)
(0.766044,0.642788,1.047198)
(0.766044,0.642788,1.745329)
(0.766044,0.642788,2.443461)
(0.766044,0.642788,3.141593)
(-0.500000,0.866025,-3.141593)
(-0.500000,0.866025,-2.443461)
(-0.500000,0.866025,-1.745329)
(-0.500000,0.866025,-1.047198)
(-0.500000,0.866025,-0.349066)
(-0.500000,0.866025,0.349066)
(-0.500000,0.866025,1.047198)
(-0.500000,0.866025,1.745329)
(-0.500000,0.866025,2.443461)
(-0.500000,0.866025,3.141593)
(-0.939693,-0.342020,-3.141593)
(-0.939693,-0.342020,-2.443461)
(-0.939693,-0.342020,-1.745329)
(-0.939693,-0.342020,-1.047198)
(-0.939693,-0.342020,-0.349066)
(-0.939693,-0.342020,0.349066)
(-0.939693,-0.342020,1.047198)
(-0.939693,-0.342020,1.745329)
(-0.939693,-0.342020,2.443461)
(-0.939693,-0.342020,3.141593)
(0.173648,-0.984808,-3.141593)
(0.173648,-0.984808,-2.443461)
(0.173648,-0.984808,-1.745329)
(0.173648,-0.984808,-1.047198)
(0.173648,-0.984808,-0.349066)
(0.173648,-0.984808,0.349066)
(0.173648,-0.984808,1.047198)
(0.173648,-0.984808,1.745329)
(0.173648,-0.984808,2.443461)
(0.173648,-0.984808,3.141593)
(1.000000,-0.000000,-3.141593)
(1.000000,-0.000000,-2.443461)
(1.000000,-0.000000,-1.745329)
(1.000000,-0.000000,-1.047198)
(1.000000,-0.000000,-0.349066)
(1.000000,-0.000000,0.349066)
(1.000000,-0.000000,1.047198)
(1.000000,-0.000000,1.745329)
(1.000000,-0.000000,2.443461)
(1.000000,-0.000000,3.141593)
lines: cylinder.lines
(1.000000,0.000000,-3.141593)(0.173648,0.984808,-3.141593)(1.000000,0.000000,0.000000)
(1.000000,0.000000,-3.141593)(1.000000,0.000000,-2.443461)(1.000000,0.000000,0.000000)
(1.000000,0.000000,-2.443461)(0.173648,0.984808,-2.443461)(1.000000,0.000000,0.000000)
(1.000000,0.000000,-2.443461)(1.000000,0.000000,-1.745329)(1.000000,0.000000,0.000000)
(1.000000,0.000000,-2.443461)(0.173648,0.984808,-3.141593)(1.000000,0.000000,0.000000)
(1.000000,0.000000,-1.745329)(0.173648,0.984808,-1.745329)(1.000000,0.000000,0.000000)
(1.000000,0.000000,-1.745329)(1.000000,0.000000,-1.047198)(1.000000,0.000000,0.000000)
(1.000000,0.000000,-1.745329)(0.173648,0.984808,-2.443461)(1.000000,0.000000,0.000000)
(1.000000,0.000000,-1.047198)(0.173648,0.984808,-1.047198)(1.000000,0.000000,0.000000)
(1.000000,0.000000,-1.047198)(1.000000,0.000000,-0.349066)(1.000000,0.000000,0.000000)
(1.000000,0.000000,-1.047198)(0.173648,0.984808,-1.745329)(1.000000,0.000000,0.000000)
(1.000000,0.000000,-0.349066)(0.173648,0.984808,-0.349066)(1.000000,0.000000,0.000000)
(1.000000,0.000000,-0.349066)(1.000000,0.000000,0.349066)(1.000000,0.000000,0.000000)
(1.000000,0.000000,-0.349066)(0.173648,0.984808,-1.047198)(1.000000,0.000000,0.000000)
(1.000000,0.000000,0.349066)(0.173648,0.984808,0.349066)(1.000000,0.000000,0.000000)
(1.000000,0.000000,0.349066)(1.000000,0.000000,1.047198)(1.000000,0.000000,0.000000)
(1.000000,0.000000,0.349066)(0.173648,0.984808,-0.349066)(1.000000,0.000000,0.000000)
(1.000000,0.000000,1.047198)(0.173648,0.984808,1.047198)(1.000000,0.000000,0.000000)
(1.000000,0.000000,1.047198)(1.000000,0.000000,1.745329)(1.000000,0.000000,0.000000)
(1.000000,0.000000,1.047198)(0.173648,0.984808,0.349066)(1.000000,0.000000,0.000000)
(1.000000,0.000000,1.745329)(0.173648,0.984808,1.745329)(1.000000,0.000000,0.000000)
(1.000000,0.000000,1.745329)(1.000000,0.000000,2.443461)(1.000000,0.000000,0.000000)
(1.000000,0.000000,1.745329)(0.173648,0.984808,1.047198)(1.000000,0.000000,0.000000)
(1.000000,0.000000,2.443461)(0.173648,0.984808,2.443461)(1.000000,0.000000,0.000000)
(1.000000,0.000000,2.443461)(1.000000,0.000000,3.141593)(1.000000,0.000000,0.000000)
(1.000000,0.000000,2.443461)(0.173648,0.984808,1.745329)(1.000000,0.000000,0.000000)
(1.000000,0.000000,3.141593)(0.173648,0.984808,3.141593)(1.000000,0.000000,0.000000)
(1.000000,0.000000,3.141593)(0.173648,0.984808,2.443461)(1.000000,0.000000,0.000000)
(0.173648,0.984808,-3.141593)(-0.939693,0.342020,-3.141593)(1.000000,0.000000,0.000000)
(0.173648,0.984808,-3.141593)(0.173648,0.984808,-2.443461)(1.000000,0.000000,0.000000)
(0.173648,0.984808,-2.443461)(-0.939693,0.342020,-2.443461)(1.000000,0.000000,0.000000)
(0.173648,0.984808,-2.443461)(0.173648,0.984808,-1.745329)(1.000000,0.000000,0.000000)
(0.173648,0.984808,-2.443461)(-0.939693,0.342020,-3.141593)(1.000000,0.000000,0.000000)
(0.173648,0.984808,-1.745329)(-0.939693,0.342020,-1.745329)(1.000000,0.000000,0.000000)
(0.173648,0.984808,-1.745329)(0.173648,0.984808,-1.047198)(1.000000,0.000000,0.000000)
(0.173648,0.984808,-1.745329)(-0.939693,0.342020,-2.443461)(1.000000,0.000000,0.000000)
(0.173648,0.984808,-1.047198)(-0.939693,0.342020,-1.047198)(1.000000,0.000000,0.000000)
(0.173648,0.984808,-1.047198)(0.173648,0.984808,-0.349066)(1.000000,0.000000,0.000000)
(0.173648,0.984808,-1.047198)(-0.939693,0.342020,-1.745329)(1.000000,0.000000,0.000000)
(0.173648,0.984808,-0.349066)(-0.939693,0.342020,-0.349066)(1.000000,0.000000,0.000000)
(0.173648,0.984808,-0.349066)(0.173648,0.984808,0.349066)(1.000000,0.000000,0.000000)
(0.173648,0.984808,-0.349066)(-0.939693,0.342020,-1.047198)(1.000000,0.000000,0.000000)
(0.173648,0.984808,0.349066)(-0.939693,0.342020,0.349066)(1.000000,0.000000,0.000000)
(0.173648,0.984808,0.349066)(0.173648,0.984808,1.047198)(1.000000,0.000000,0.000000)
(0.173648,0.984808,0.349066)(-0.939693,0.342020,-0.349066)(1.000000,0.000000,0.000000)
(0.173648,0.984808,1.047198)(-0.939693,0.342020,1.047198)(1.000000,0.000000,0.000000)
(0.173648,0.984808,1.047198)(0.173648,0.984808,1.745329)(1.000000,0.000000,0.000000)
(0.173648,0.984808,1.047198)(-0.939693,0.342020,0.349066)(1.000000,0.000000,0.000000)
(0.173648,0.984808,1.745329)(-0.939693,0.342020,1.745329)(1.000000,0.000000,0.000000)
(0.173648,0.984808,1.745329)(0.173648,0.984808,2.443461)(1.000000,0.000000,0.000000)
(0.173648,0.984808,1.745329)(-0.939693,0.342020,1.047198)(1.000000,0.000000,0.000000)
(0.173648,0.984808,2.443461)(-0.939693,0.342020,2.443461)(1.000000,0.000000,0.000000)
(0.173648,0.984808,2.443461)(0.173648,0.984808,3.141593)(1.000000,0.000000,0.000000)
(0.173648,0.984808,2.443461)(-0.939693,0.342020,1.745329)(1.000000,0.000000,0.000000)
(0.173648,0.984808,3.141593)(-0.939693,0.342020,3.141593)(1.000000,0.000000,0.000000)
(0.173648,0.984808,3.141593)(-0.939693,0.342020,2.443461)(1.000000,0.000000,0.000000)
(-0.939693,0.342020,-3.141593)(-0.500000,-0.866025,-3.141593)(1.000000,0.000000,0.000000)
(-0.939693,0.342020,-3.141593)(-0.939693,0.342020,-2.443461)(1.000000,0.000000,0.000000)
(-0.939693,0.342020,-2.443461)(-0.500000,-0.866025,-2.443461)(1.000000,0.000000,0.000000)
(-0.939693,0.342020,-2.443461)(-0.939693,0.342020,-1.745329)(1.000000,0.000000,0.000000)
(-0.939693,0.342020,-2.443461)(-0.500000,-0.866025,-3.141593)(1.000000,0.000000,0.000000)
(-0.939693,0.342020,-1.745329)(-0.500000,-0.866025,-1.745329)(1.000000,0.000000,0.000000)
(-0.939693,0.342020,-1.745329)(-0.939693,0.342020,-1.047198)(1.000000,0.000000,0.000000)
(-0.939693,0.342020,-1.745329)(-0.500000,-0.866025,-2.443461)(1.000000,0.000000,0.000000)
(-0.939693,0.342020,-1.047198)(-0.500000,-0.866025,-1.047198)(1.000000,0.000000,0.000000)
(-0.939693,0.342020,-1.047198)(-0.939693,0.342020,-0.349066)(1.000000,0.000000,0.000000)
(-0.939693,0.342020,-1.047198)(-0.500000,-0.866025,-1.745329)(1.000000,0.000000,0.000000)
(-0.939693,0.342020,-0.349066)(-0.500000,-0.866025,-0.349066)(1.000000,0.000000,0.000000)
(-0.939693,0.342020,-0.349066)(-0.939693,0.342020,0.349066)(1.000000,0.000000,0.000000)
(-0.939693,0.342020,-0.349066)(-0.500000,-0.866025,-1.047198)(1.000000,0.000000,0.000000)
(-0.939693,0.342020,0.349066)(-0.500000,-0.866025,0.349066)(1.000000,0.000000,0.000000)
(-0.939693,0.342020,0.349066)(-0.939693,0.342020,1.047198)(1.000000,0.000000,0.000000)
(-0.939693,0.342020,0.349066)(-0.500000,-0.866025,-0.349066)(1.000000,0.000000,0.000000)
(-0.939693,0.342020,1.047198)(-0.500000,-0.866025,1.047198)(1.000000,0.000000,0.000000)
(-0.939693,0.342020,1.047198)(-0.939693,0.342020,1.745329)(1.000000,0.000000,0.000000)
(-0.939693,0.342020,1.047198)(-0.500000,-0.866025,0.349066)(1.000000,0.000000,0.000000)
(-0.939693,0.342020,1.745329)(-0.500000,-0.866025,1.745329)(1.000000,0.000000,0.000000)
(-0.939693,0.342020,1.745329)(-0.939693,0.342020,2.443461)(1.000000,0.000000,0.000000)
(-0.939693,0.342020,1.745329)(-0.500000,-0.866025,1.047198)(1.000000,0.000000,0.000000)
(-0.939693,0.342020,2.443461)(-0.500000,-0.866025,2.443461)(1.000000,0.000000,0.000000)
(-0.939693,0.342020,2.443461)(-0.939693,0.342020,3.141593)(1.000000,0.000000,0.000000)
(-0.939693,0.342020,2.443461)(-0.500000,-0.866025,1.745329)(1.000000,0.000000,0.000000)
(-0.939693,0.342020,3.141593)(-0.500000,-0.866025,3.141593)(1.000000,0.000000,0.000000)
(-0.939693,0.342020,3.141593)(-0.500000,-0.866025,2.443461)(1.000000,0.000000,0.000000)
(-0.500000,-0.866025,-3.141593)(0.766044,-0.642788,-3.141593)(1.000000,0.000000,0.000000)
(-0.500000,-0.866025,-3.141593)(-0.500000,-0.866025,-2.443461)(1.000000,0.000000,0.000000)
(-0.500000,-0.866025,-2.443461)(0.766044,-0.642788,-2.443461)(1.000000,0.000000,0.000000)
(-0.500000,-0.866025,-2.443461)(-0.500000,-0.866025,-1.745329)(1.000000,0.000000,0.000000)
(-0.500000,-0.866025,-2.443461)(0.766044,-0.642788,-3.141593)(1.000000,0.000000,0.000000)
(-0.500000,-0.866025,-1.745329)(0.766044,-0.642788,-1.745329)(1.000000,0.000000,0.000000)
(-0.500000,-0.866025,-1.745329)(-0.500000,-0.866025,-1.047198)(1.000000,0.000000,0.000000)
(-0.500000,-0.866025,-1.745329)(0.766044,-0.642788,-2.443461)(1.000000,0.000000,0.000000)
(-0.500000,-0.866025,-1.047198)(0.766044,-0.642788,-1.047198)(1.000000,0.000000,0.000000)
(-0.500000,-0.866025,-1.047198)(-0.500000,-0.866025,-0.349066)(1.000000,0.000000,0.000000)
(-0.500000,-0.866025,-1.047198)(0.766044,-0.642788,-1.745329)(1.000000,0.000000,0.000000)
(-0.500000,-0.866025,-0.349066)(0.766044,-0.642788,-0.349066)(1.000000,0.000000,0.000000)
(-0.500000,-0.866025,-0.349066)(-0.500000,-0.866025,0.349066)(1.000000,0.000000,0.000000)
(-0.500000,-0.866025,-0.349066)(0.766044,-0.642788,-1.047198)(1.000000,0.000000,0.000000)
(-0.500000,-0.866025,0.349066)(0.766044,-0.642788,0.349066)(1.000000,0.000000,0.000000)
(-0.500000,-0.866025,0.349066)(-0.500000,-0.866025,1.047198)(1.000000,0.000000,0.000000)
(-0.500000,-0.866025,0.349066)(0.766044,-0.642788,-0.349066)(1.000000,0.000000,0.000000)
(-0.500000,-0.866025,1.047198)(0.766044,-0.642788,1.047198)(1.000000,0.000000,0.000000)
(-0.500000,-0.866025,1.047198)(-0.500000,-0.866025,1.745329)(1.000000,0.000000,0.000000)
(-0.500000,-0.866025,1.047198)(0.766044,-0.642788,0.349066)(1.000000,0.000000,0.000000)
(-0.500000,-0.866025,1.745329)(0.766044,-0.642788,1.745329)(1.000000,0.000000,0.000000)
(-0.500000,-0.866025,1.745329)(-0.500000,-0.866025,2.443461)(1.000000,0.000000,0.000000)
(-0.500000,-0.866025,1.745329)(0.766044,-0.642788,1.047198)(1.000000,0.000000,0.000000)
(-0.500000,-0.866025,2.443461)(0.766044,-0.642788,2.443461)(1.000000,0.000000,0.000000)
(-0.500000,-0.866025,2.443461)(-0.500000,-0.866025,3.141593)(1.000000,0.000000,0.000000)
(-0.500000,-0.866025,2.443461)(0.766044,-0.642788,1.745329)(1.000000,0.000000,0.000000)
(-0.500000,-0.866025,3.141593)(0.766044,-0.642788,3.141593)(1.000000,0.000000,0.000000)
(-0.500000,-0.866025,3.141593)(0.766044,-0.642788,2.443461)(1.000000,0.000000,0.000000)
(0.766044,-0.642788,-3.141593)(0.766044,0.642788,-3.141593)(1.000000,0.000000,0.000000)
(0.766044,-0.642788,-3.141593)(0.766044,-0.642788,-2.443461)(1.000000,0.000000,0.000000)
(0.766044,-0.642788,-2.443461)(0.766044,0.642788,-2.443461)(1.000000,0.000000,0.000000)
(0.766044,-0.642788,-2.443461)(0.766044,-0.642788,-1.745329)(1.000000,0.000000,0.000000)
(0.766044,-0.642788,-2.443461)(0.766044,0.642788,-3.141593)(1.000000,0.000000,0.000000)
(0.766044,-0.642788,-1.745329)(0.766044,0.642788,-1.745329)(1.000000,0.000000,0.000000)
(0.766044,-0.642788,-1.745329)(0.766044,-0.642788,-1.047198)(1.000000,0.000000,0.000000)
(0.766044,-0.642788,-1.745329)(0.766044,0.642788,-2.443461)(1.000000,0.000000,0.000000)
(0.766044,-0.642788,-1.047198)(0.766044,0.642788,-1.047198)(1.000000,0.000000,0.000000)
(0.766044,-0.642788,-1.047198)(0.766044,-0.642788,-0.349066)(1.000000,0.000000,0.000000)
(0.766044,-0.642788,-1.047198)(0.766044,0.642788,-1.745329)(1.000000,0.000000,0.000000)
(0.766044,-0.642788,-0.349066)(0.766044,0.642788,-0.349066)(1.000000,0.000000,0.000000)
(0.766044,-0.642788,-0.349066)(0.766044,-0.642788,0.349066)(1.000000,0.000000,0.000000)
(0.766044,-0.642788,-0.349066)(0.766044,0.642788,-1.047198)(1.000000,0.000000,0.000000)
(0.766044,-0.642788,0.349066)(0.766044,0.642788,0.349066)(1.000000,0.000000,0.000000)
(0.766044,-0.642788,0.349066)(0.766044,-0.642788,1.047198)(1.000000,0.000000,0.000000)
(0.766044,-0.642788,0.349066)(0.766044,0.642788,-0.349066)(1.000000,0.000000,0.000000)
(0.766044,-0.642788,1.047198)(0.766044,0.642788,1.047198)(1.000000,0.000000,0.000000)
(0.766044,-0.642788,1.047198)(0.766044,-0.642788,1.745329)(1.000000,0.000000,0.000000)
(0.766044,-0.642788,1.047198)(0.766044,0.642788,0.349066)(1.000000,0.000000,0.000000)
(0.766044,-0.642788,1.745329)(0.766044,0.642788,1.745329)(1.000000,0.000000,0.000000)
(0.766044,-0.642788,1.745329)(0.766044,-0.642788,2.443461)(1.000000,0.000000,0.000000)
(0.766044,-0.642788,1.745329)(0.766044,0.642788,1.047198)(1.000000,0.000000,0.000000)
(0.766044,-0.642788,2.443461)(0.766044,0.642788,2.443461)(1.000000,0.000000,0.000000)
(0.766044,-0.642788,2.443461)(0.766044,-0.642788,3.141593)(1.000000,0.000000,0.000000)
(0.766044,-0.642788,2.443461)(0.766044,0.642788,1.745329)(1.000000,0.000000,0.000000)
(0.766044,-0.642788,3.141593)(0.766044,0.642788,3.141593)(1.000000,0.000000,0.000000)
(0.766044,-0.642788,3.141593)(0.766044,0.642788,2.443461)(1.000000,0.000000,0.000000)
(0.766044,0.642788,-3.141593)(-0.500000,0.866025,-3.141593)(1.000000,0.000000,0.000000)
(0.766044,0.642788,-3.141593)(0.766044,0.642788,-2.443461)(1.000000,0.000000,0.000000)
(0.766044,0.642788,-2.443461)(-0.500000,0.866025,-2.443461)(1.000000,0.000000,0.000000)
(0.766044,0.642788,-2.443461)(0.766044,0.642788,-1.745329)(1.000000,0.000000,0.000000)
(0.766044,0.642788,-2.443461)(-0.500000,0.866025,-3.141593)(1.000000,0.000000,0.000000)
(0.766044,0.642788,-1.745329)(-0.500000,0.866025,-1.745329)(1.000000,0.000000,0.000000)
(0.766044,0.642788,-1.745329)(0.766044,0.642788,-1.047198)(1.000000,0.000000,0.000000)
(0.766044,0.642788,-1.745329)(-0.500000,0.866025,-2.443461)(1.000000,0.000000,0.000000)
(0.766044,0.642788,-1.047198)(-0.500000,0.866025,-1.047198)(1.000000,0.000000,0.000000)
(0.766044,0.642788,-1.047198)(0.766044,0.642788,-0.349066)(1.000000,0.000000,0.000000)
(0.766044,0.642788,-1.047198)(-0.500000,0.866025,-1.745329)(1.000000,0.000000,0.000000)
(0.766044,0.642788,-0.349066)(-0.500000,0.866025,-0.349066)(1.000000,0.000000,0.000000)
(0.766044,0.642788,-0.349066)(0.766044,0.642788,0.349066)(1.000000,0.000000,0.000000)
(0.766044,0.642788,-0.349066)(-0.500000,0.866025,-1.047198)(1.000000,0.000000,0.000000)
(0.766044,0.642788,0.349066)(-0.500000,0.866025,0.349066)(1.000000,0.000000,0.000000)
(0.766044,0.642788,0.349066)(0.766044,0.642788,1.047198)(1.000000,0.000000,0.000000)
(0.766044,0.642788,0.349066)(-0.500000,0.866025,-0.349066)(1.000000,0.000000,0.000000)
(0.766044,0.642788,1.047198)(-0.500000,0.866025,1.047198)(1.000000,0.000000,0.000000)
(0.766044,0.642788,1.047198)(0.766044,0.642788,1.745329)(1.000000,0.000000,0.000000)
(0.766044,0.642788,1.047198)(-0.500000,0.866025,0.349066)(1.000000,0.000000,0.000000)
(0.766044,0.642788,1.745329)(-0.500000,0.866025,1.745329)(1.000000,0.000000,0.000000)
(0.766044,0.642788,1.745329)(0.766044,0.642788,2.443461)(1.000000,0.000000,0.000000)
(0.766044,0.642788,1.745329)(-0.500000,0.866025,1.047198)(1.000000,0.000000,0.000000)
(0.766044,0.642788,2.443461)(-0.500000,0.866025,2.443461)(1.000000,0.000000,0.000000)
(0.766044,0.642788,2.443461)(0.766044,0.642788,3.141593)(1.000000,0.000000,0.000000)
(0.766044,0.642788,2.443461)(-0.500000,0.866025,1.745329)(1.000000,0.000000,0.000000)
(0.766044,0.642788,3.141593)(-0.500000,0.866025,3.141593)(1.000000,0.000000,0.000000)
(0.766044,0.642788,3.141593)(-0.500000,0.866025,2.443461)(1.000000,0.000000,0.000000)
(-0.500000,0.866025,-3.141593)(-0.939693,-0.342020,-3.141593)(1.000000,0.000000,0.000000)
(-0.500000,0.866025,-3.141593)(-0.500000,0.866025,-2.443461)(1.000000,0.000000,0.000000)
(-0.500000,0.866025,-2.443461)(-0.939693,-0.342020,-2.443461)(1.000000,0.000000,0.000000)
(-0.500000,0.866025,-2.443461)(-0.500000,0.866025,-1.745329)(1.000000,0.000000,0.000000)
(-0.500000,0.866025,-2.443461)(-0.939693,-0.342020,-3.141593)(1.000000,0.000000,0.000000)
(-0.500000,0.866025,-1.745329)(-0.939693,-0.342020,-1.745329)(1.000000,0.000000,0.000000)
(-0.500000,0.866025,-1.745329)(-0.500000,0.866025,-1.047198)(1.000000,0.000000,0.000000)
(-0.500000,0.866025,-1.745329)(-0.939693,-0.342020,-2.443461)(1.000000,0.000000,0.000000)
(-0.500000,0.866025,-1.047198)(-0.939693,-0.342020,-1.047198)(1.000000,0.000000,0.000000)
(-0.500000,0.866025,-1.047198)(-0.500000,0.866025,-0.349066)(1.000000,0.000000,0.000000)
(-0.500000,0.866025,-1.047198)(-0.939693,-0.342020,-1.745329)(1.000000,0.000000,0.000000)
(-0.500000,0.866025,-0.349066)(-0.939693,-0.342020,-0.349066)(1.000000,0.000000,0.000000)
(-0.500000,0.866025,-0.349066)(-0.500000,0.866025,0.349066)(1.000000,0.000000,0.000000)
(-0.500000,0.866025,-0.349066)(-0.939693,-0.342020,-1.047198)(1.000000,0.000000,0.000000)
(-0.500000,0.866025,0.349066)(-0.939693,-0.342020,0.349066)(1.000000,0.000000,0.000000)
(-0.500000,0.866025,0.349066)(-0.500000,0.866025,1.047198)(1.000000,0.000000,0.000000)
(-0.500000,0.866025,0.349066)(-0.939693,-0.342020,-0.349066)(1.000000,0.000000,0.000000)
(-0.500000,0.866025,1.047198)(-0.939693,-0.342020,1.047198)(1.000000,0.000000,0.000000)
(-0.500000,0.866025,1.047198)(-0.500000,0.866025,1.745329)(1.000000,0.000000,0.000000)
(-0.500000,0.866025,1.047198)(-0.939693,-0.342020,0.349066)(1.000000,0.000000,0.000000)
(-0.500000,0.866025,1.745329)(-0.939693,-0.342020,1.745329)(1.000000,0.000000,0.000000)
(-0.500000,0.866025,1.745329)(-0.500000,0.866025,2.443461)(1.000000,0.000000,0.000000)
(-0.500000,0.866025,1.745329)(-0.939693,-0.342020,1.047198)(1.000000,0.000000,0.000000)
(-0.500000,0.866025,2.443461)(-0.939693,-0.342020,2.443461)(1.000000,0.000000,0.000000)
(-0.500000,0.866025,2.443461)(-0.500000,0.866025,3.141593)(1.000000,0.000000,0.000000)
(-0.500000,0.866025,2.443461)(-0.939693,-0.342020,1.745329)(1.000000,0.000000,0.000000)
(-0.500000,0.866025,3.141593)(-0.939693,-0.342020,3.141593)(1.000000,0.000000,0.000000)
(-0.500000,0.866025,3.141593)(-0.939693,-0.342020,2.443461)(1.000000,0.000000,0.000000)
(-0.939693,-0.342020,-3.141593)(0.173648,-0.984808,-3.141593)(1.000000,0.000000,0.000000)
(-0.939693,-0.342020,-3.141593)(-0.939693,-0.342020,-2.443461)(1.000000,0.000000,0.000000)
(-0.939693,-0.342020,-2.443461)(0.173648,-0.984808,-2.443461)(1.000000,0.000000,0.000000)
(-0.939693,-0.342020,-2.443461)(-0.939693,-0.342020,-1.745329)(1.000000,0.000000,0.000000)
(-0.939693,-0.342020,-2.443461)(0.173648,-0.984808,-3.141593)(1.000000,0.000000,0.000000)
(-0.939693,-0.342020,-1.745329)(0.173648,-0.984808,-1.745329)(1.000000,0.000000,0.000000)
(-0.939693,-0.342020,-1.745329)(-0.939693,-0.342020,-1.047198)(1.000000,0.000000,0.000000)
(-0.939693,-0.342020,-1.745329)(0.173648,-0.984808,-2.443461)(1.000000,0.000000,0.000000)
(-0.939693,-0.342020,-1.047198)(0.173648,-0.984808,-1.047198)(1.000000,0.000000,0.000000)
(-0.939693,-0.342020,-1.047198)(-0.939693,-0.342020,-0.349066)(1.000000,0.000000,0.000000)
(-0.939693,-0.342020,-1.047198)(0.173648,-0.984808,-1.745329)(1.000000,0.000000,0.000000)
(-0.939693,-0.342020,-0.349066)(0.173648,-0.984808,-0.349066)(1.000000,0.000000,0.000000)
(-0.939693,-0.342020,-0.349066)(-0.939693,-0.342020,0.349066)(1.000000,0.000000,0.000000)
(-0.939693,-0.342020,-0.349066)(0.173648,-0.984808,-1.047198)(1.000000,0.000000,0.000000)
(-0.939693,-0.342020,0.349066)(0.173648,-0.984808,0.349066)(1.000000,0.000000,0.000000)
(-0.939693,-0.342020,0.349066)(-0.939693,-0.342020,1.047198)(1.000000,0.000000,0.000000)
(-0.939693,-0.342020,0.349066)(0.173648,-0.984808,-0.349066)(1.000000,0.000000,0.000000)
(-0.939693,-0.342020,1.047198)(0.173648,-0.984808,1.047198)(1.000000,0.000000,0.000000)
(-0.939693,-0.342020,1.047198)(-0.939693,-0.342020,1.745329)(1.000000,0.000000,0.000000)
(-0.939693,-0.342020,1.047198)(0.173648,-0.984808,0.349066)(1.000000,0.000000,0.000000)
(-0.939693,-0.342020,1.745329)(0.173648,-0.984808,1.745329)(1.000000,0.000000,0.000000)
(-0.939693,-0.342020,1.745329)(-0.939693,-0.342020,2.443461)(1.000000,0.000000,0.000000)
(-0.939693,-0.342020,1.745329)(0.173648,-0.984808,1.047198)(1.000000,0.000000,0.000000)
(-0.939693,-0.342020,2.443461)(0.173648,-0.984808,2.443461)(1.000000,0.000000,0.000000)
(-0.939693,-0.342020,2.443461)(-0.939693,-0.342020,3.141593)(1.000000,0.000000,0.000000)
(-0.939693,-0.342020,2.443461)(0.173648,-0.984808,1.745329)(1.000000,0.000000,0.000000)
(-0.939693,-0.342020,3.141593)(0.173648,-0.984808,3.141593)(1.000000,0.000000,0.000000)
(-0.939693,-0.342020,3.141593)(0.173648,-0.984808,2.443461)(1.000000,0.000000,0.000000)
(0.173648,-0.984808,-3.141593)(1.000000,-0.000000,-3.141593)(1.000000,0.000000,0.000000)
(0.173648,-0.984808,-3.141593)(0.173648,-0.984808,-2.443461)(1.000000,0.000000,0.000000)
(0.173648,-0.984808,-2.443461)(1.000000,-0.000000,-2.443461)(1.000000,0.000000,0.000000)
(0.173648,-0.984808,-2.443461)(0.173648,-0.984808,-1.745329)(1.000000,0.000000,0.000000)
(0.173648,-0.984808,-2.443461)(1.000000,-0.000000,-3.141593)(1.000000,0.000000,0.000000)
(0.173648,-0.984808,-1.745329)(1.000000,-0.000000,-1.745329)(1.000000,0.000000,0.000000)
(0.173648,-0.984808,-1.745329)(0.173648,-0.984808,-1.047198)(1.000000,0.000000,0.000000)
(0.173648,-0.984808,-1.745329)(1.000000,-0.000000,-2.443461)(1.000000,0.000000,0.000000)
(0.173648,-0.984808,-1.047198)(1.000000,-0.000000,-1.047198)(1.000000,0.000000,0.000000)
(0.173648,-0.984808,-1.047198)(0.173648,-0.984808,-0.349066)(1.000000,0.000000,0.000000)
(0.173648,-0.984808,-1.047198)(1.000000,-0.000000,-1.745329)(1.000000,0.000000,0.000000)
(0.173648,-0.984808,-0.349066)(1.000000,-0.000000,-0.349066)(1.000000,0.000000,0.000000)
(0.173648,-0.984808,-0.349066)(0.173648,-0.984808,0.349066)(1.000000,0.000000,0.000000)
(0.173648,-0.984808,-0.349066)(1.000000,-0.000000,-1.047198)(1.000000,0.000000,0.000000)
(0.173648,-0.984808,0.349066)(1.000000,-0.000000,0.349066)(1.000000,0.000000,0.000000)
(0.173648,-0.984808,0.349066)(0.173648,-0.984808,1.047198)(1.000000,0.000000,0.000000)
(0.173648,-0.984808,0.349066)(1.000000,-0.000000,-0.349066)(1.000000,0.000000,0.000000)
(0.173648,-0.984808,1.047198)(1.000000,-0.000000,1.047198)(1.000000,0.000000,0.000000)
(0.173648,-0.984808,1.047198)(0.173648,-0.984808,1.745329)(1.000000,0.000000,0.000000)
(0.173648,-0.984808,1.047198)(1.000000,-0.000000,0.349066)(1.000000,0.000000,0.000000)
(0.173648,-0.984808,1.745329)(1.000000,-0.000000,1.745329)(1.000000,0.000000,0.000000)
(0.173648,-0.984808,1.745329)(0.173648,-0.984808,2.443461)(1.000000,0.000000,0.000000)
(0.173648,-0.984808,1.745329)(1.000000,-0.000000,1.047198)(1.000000,0.000000,0.000000)
(0.173648,-0.984808,2.443461)(1.000000,-0.000000,2.443461)(1.000000,0.000000,0.000000)
(0.173648,-0.984808,2.443461)(0.173648,-0.984808,3.141593)(1.000000,0.000000,0.000000)
(0.173648,-0.984808,2.443461)(1.000000,-0.000000,1.745329)(1.000000,0.000000,0.000000)
(0.173648,-0.984808,3.141593)(1.000000,-0.000000,3.141593)(1.000000,0.000000,0.000000)
(0.173648,-0.984808,3.141593)(1.000000,-0.000000,2.443461)(1.000000,0.000000,0.000000)
(1.000000,-0.000000,-3.141593)(1.000000,-0.000000,-2.443461)(1.000000,0.000000,0.000000)
(1.000000,-0.000000,-2.443461)(1.000000,-0.000000,-1.745329)(1.000000,0.000000,0.000000)
(1.000000,-0.000000,-1.745329)(1.000000,-0.000000,-1.047198)(1.000000,0.000000,0.000000)
(1.000000,-0.000000,-1.047198)(1.000000,-0.000000,-0.349066)(1.000000,0.000000,0.000000)
(1.000000,-0.000000,-0.349066)(1.000000,-0.000000,0.349066)(1.000000,0.000000,0.000000)
(1.000000,-0.000000,0.349066)(1.000000,-0.000000,1.047198)(1.000000,0.000000,0.000000)
(1.000000,-0.000000,1.047198)(1.000000,-0.000000,1.745329)(1.000000,0.000000,0.000000)
(1.000000,-0.000000,1.745329)(1.000000,-0.000000,2.443461)(1.000000,0.000000,0.000000)
(1.000000,-0.000000,2.443461)(1.000000,-0.000000,3.141593)(1.000000,0.000000,0.000000)

