triangles: customPlane2
(-9.999000,6.301030,0.000000)(-9.999211,6.168753,0.000614)(-9.893989,4.280089,0.000000)(0.156863,0.243137,0.839216)
(-9.999211,6.168753,0.000614)(-9.916342,4.147811,0.065113)(-9.893989,4.280089,0.000000)(0.156863,0.243137,0.839216)
(-9.893989,4.280089,0.000000)(-9.916342,4.147811,0.065113)(-9.790150,3.996526,0.000000)(0.156863,0.243137,0.839216)
(-9.916342,4.147811,0.065113)(-9.834399,3.864249,0.128892)(-9.790150,3.996526,0.000000)(0.156863,0.243137,0.839216)
(-9.790150,3.996526,0.000000)(-9.834399,3.864249,0.128892)(-9.688633,3.846536,0.000000)(0.156863,0.243137,0.839216)
(-9.834399,3.864249,0.128892)(-9.754287,3.714259,0.191246)(-9.688633,3.846536,0.000000)(0.156863,0.243137,0.839216)
(-9.688633,3.846536,0.000000)(-9.754287,3.714259,0.191246)(-9.590558,3.757036,0.000000)(0.156863,0.243137,0.839216)
(-9.754287,3.714259,0.191246)(-9.676893,3.624758,0.251484)(-9.590558,3.757036,0.000000)(0.156863,0.243137,0.839216)
(-9.590558,3.757036,0.000000)(-9.676893,3.624758,0.251484)(-9.497012,3.704663,0.000000)(0.156863,0.243137,0.839216)
(-9.676893,3.624758,0.251484)(-9.603072,3.572386,0.308942)(-9.497012,3.704663,0.000000)(0.156863,0.243137,0.839216)
(-9.497012,3.704663,0.000000)(-9.603072,3.572386,0.308942)(-9.409028,3.678625,0.000000)(0.156863,0.243137,0.839216)
(-9.603072,3.572386,0.308942)(-9.533640,3.546348,0.362982)(-9.409028,3.678625,0.000000)(0.156863,0.243137,0.839216)
(-9.409028,3.678625,0.000000)(-9.533640,3.546348,0.362982)(-9.327580,3.672781,0.000000)(0.156863,0.243137,0.839216)
(-9.533640,3.546348,0.362982)(-9.469366,3.540504,0.413009)(-9.327580,3.672781,0.000000)(0.156863,0.243137,0.839216)
(-9.327580,3.672781,0.000000)(-9.469366,3.540504,0.413009)(-9.253568,3.683083,0.000000)(0.156863,0.243137,0.839216)
(-9.469366,3.540504,0.413009)(-9.410960,3.550805,0.458468)(-9.253568,3.683083,0.000000)(0.156863,0.243137,0.839216)
(-9.253568,3.683083,0.000000)(-9.410960,3.550805,0.458468)(-9.187811,3.706538,0.000000)(0.156863,0.243137,0.839216)
(-9.410960,3.550805,0.458468)(-9.359069,3.574260,0.498857)(-9.187811,3.706538,0.000000)(0.156863,0.243137,0.839216)
(-9.187811,3.706538,0.000000)(-9.359069,3.574260,0.498857)(-9.131036,3.740728,0.000000)(0.156863,0.243137,0.839216)
(-9.359069,3.574260,0.498857)(-9.314265,3.608450,0.533729)(-9.131036,3.740728,0.000000)(0.156863,0.243137,0.839216)
(-9.131036,3.740728,0.000000)(-9.314265,3.608450,0.533729)(-9.083871,3.783562,0.000000)(0.156863,0.243137,0.839216)
(-9.314265,3.608450,0.533729)(-9.277045,3.651285,0.562698)(-9.083871,3.783562,0.000000)(0.156863,0.243137,0.839216)
(-9.083871,3.783562,0.000000)(-9.277045,3.651285,0.562698)(-9.046837,3.833139,0.000000)(0.156863,0.243137,0.839216)
(-9.277045,3.651285,0.562698)(-9.247821,3.700861,0.585445)(-9.046837,3.833139,0.000000)(0.156863,0.243137,0.839216)
(-9.046837,3.833139,0.000000)(-9.247821,3.700861,0.585445)(-9.020345,3.887669,0.000000)(0.156863,0.243137,0.839216)
(-9.247821,3.700861,0.585445)(-9.226914,3.755392,0.601717)(-9.020345,3.887669,0.000000)(0.156863,0.243137,0.839216)
(-9.020345,3.887669,0.000000)(-9.226914,3.755392,0.601717)(-9.004686,3.945429,0.000000)(0.156863,0.243137,0.839216)
(-9.226914,3.755392,0.601717)(-9.214558,3.813152,0.611334)(-9.004686,3.945429,0.000000)(0.156863,0.243137,0.839216)
(-9.004686,3.945429,0.000000)(-9.214558,3.813152,0.611334)(-9.000035,4.004730,0.000000)(0.156863,0.243137,0.839216)
(-9.214558,3.813152,0.611334)(-9.210887,3.872452,0.614191)(-9.000035,4.004730,0.000000)(0.156863,0.243137,0.839216)
(-9.000035,4.004730,0.000000)(-9.210887,3.872452,0.614191)(-9.006442,4.063898,0.000000)(0.156863,0.243137,0.839216)
(-9.210887,3.872452,0.614191)(-9.215943,3.931620,0.610256)(-9.006442,4.063898,0.000000)(0.156863,0.243137,0.839216)
(-9.006442,4.063898,0.000000)(-9.215943,3.931620,0.610256)(-9.023838,4.121258,0.000000)(0.156863,0.243137,0.839216)
(-9.215943,3.931620,0.610256)(-9.229671,3.988981,0.599571)(-9.023838,4.121258,0.000000)(0.156863,0.243137,0.839216)
(-9.023838,4.121258,0.000000)(-9.229671,3.988981,0.599571)(-9.052028,4.175118,0.000000)(0.156863,0.243137,0.839216)
(-9.229671,3.988981,0.599571)(-9.251917,4.042840,0.582256)(-9.052028,4.175118,0.000000)(0.156863,0.243137,0.839216)
(-9.052028,4.175118,0.000000)(-9.251917,4.042840,0.582256)(-9.090703,4.223745,0.000000)(0.156863,0.243137,0.839216)
(-9.251917,4.042840,0.582256)(-9.282437,4.091467,0.558502)(-9.090703,4.223745,0.000000)(0.156863,0.243137,0.839216)
(-9.999211,6.168753,0.000614)(-9.999755,6.036475,0.000969)(-9.916342,4.147811,0.065113)(0.156863,0.243137,0.839216)
(-9.999755,6.036475,0.000969)(-9.973976,4.015534,0.102767)(-9.916342,4.147811,0.065113)(0.156863,0.243137,0.839216)
(-9.916342,4.147811,0.065113)(-9.973976,4.015534,0.102767)(-9.834399,3.864249,0.128892)(0.156863,0.243137,0.839216)
(-9.973976,4.015534,0.102767)(-9.948485,3.731971,0.203428)(-9.834399,3.864249,0.128892)(0.156863,0.243137,0.839216)
(-9.834399,3.864249,0.128892)(-9.948485,3.731971,0.203428)(-9.754287,3.714259,0.191246)(0.156863,0.243137,0.839216)
(-9.948485,3.731971,0.203428)(-9.923564,3.581981,0.301840)(-9.754287,3.714259,0.191246)(0.156863,0.243137,0.839216)
(-9.754287,3.714259,0.191246)(-9.923564,3.581981,0.301840)(-9.676893,3.624758,0.251484)(0.156863,0.243137,0.839216)
(-9.923564,3.581981,0.301840)(-9.899488,3.492481,0.396913)(-9.676893,3.624758,0.251484)(0.156863,0.243137,0.839216)
(-9.676893,3.624758,0.251484)(-9.899488,3.492481,0.396913)(-9.603072,3.572386,0.308942)(0.156863,0.243137,0.839216)
(-9.899488,3.492481,0.396913)(-9.876524,3.440108,0.487597)(-9.603072,3.572386,0.308942)(0.156863,0.243137,0.839216)
(-9.603072,3.572386,0.308942)(-9.876524,3.440108,0.487597)(-9.533640,3.546348,0.362982)(0.156863,0.243137,0.839216)
(-9.876524,3.440108,0.487597)(-9.854925,3.414070,0.572888)(-9.533640,3.546348,0.362982)(0.156863,0.243137,0.839216)
(-9.533640,3.546348,0.362982)(-9.854925,3.414070,0.572888)(-9.469366,3.540504,0.413009)(0.156863,0.243137,0.839216)
(-9.854925,3.414070,0.572888)(-9.834931,3.408226,0.651844)(-9.469366,3.540504,0.413009)(0.156863,0.243137,0.839216)
(-9.469366,3.540504,0.413009)(-9.834931,3.408226,0.651844)(-9.410960,3.550805,0.458468)(0.156863,0.243137,0.839216)
(-9.834931,3.408226,0.651844)(-9.816762,3.418528,0.723591)(-9.410960,3.550805,0.458468)(0.156863,0.243137,0.839216)
(-9.410960,3.550805,0.458468)(-9.816762,3.418528,0.723591)(-9.359069,3.574260,0.498857)(0.156863,0.243137,0.839216)
(-9.816762,3.418528,0.723591)(-9.800619,3.441982,0.787336)(-9.359069,3.574260,0.498857)(0.156863,0.243137,0.839216)
(-9.359069,3.574260,0.498857)(-9.800619,3.441982,0.787336)(-9.314265,3.608450,0.533729)(0.156863,0.243137,0.839216)
(-9.800619,3.441982,0.787336)(-9.786682,3.476173,0.842374)(-9.314265,3.608450,0.533729)(0.156863,0.243137,0.839216)
(-9.314265,3.608450,0.533729)(-9.786682,3.476173,0.842374)(-9.277045,3.651285,0.562698)(0.156863,0.243137,0.839216)
(-9.786682,3.476173,0.842374)(-9.775104,3.519007,0.888096)(-9.277045,3.651285,0.562698)(0.156863,0.243137,0.839216)
(-9.277045,3.651285,0.562698)(-9.775104,3.519007,0.888096)(-9.247821,3.700861,0.585445)(0.156863,0.243137,0.839216)
(-9.775104,3.519007,0.888096)(-9.766012,3.568584,0.923996)(-9.247821,3.700861,0.585445)(0.156863,0.243137,0.839216)
(-9.247821,3.700861,0.585445)(-9.766012,3.568584,0.923996)(-9.226914,3.755392,0.601717)(0.156863,0.243137,0.839216)
(-9.766012,3.568584,0.923996)(-9.759509,3.623114,0.949678)(-9.226914,3.755392,0.601717)(0.156863,0.243137,0.839216)
(-9.226914,3.755392,0.601717)(-9.759509,3.623114,0.949678)(-9.214558,3.813152,0.611334)(0.156863,0.243137,0.839216)
(-9.759509,3.623114,0.949678)(-9.755665,3.680874,0.964857)(-9.214558,3.813152,0.611334)(0.156863,0.243137,0.839216)
(-9.214558,3.813152,0.611334)(-9.755665,3.680874,0.964857)(-9.210887,3.872452,0.614191)(0.156863,0.243137,0.839216)
(-9.755665,3.680874,0.964857)(-9.754523,3.740175,0.969366)(-9.210887,3.872452,0.614191)(0.156863,0.243137,0.839216)
(-9.210887,3.872452,0.614191)(-9.754523,3.740175,0.969366)(-9.215943,3.931620,0.610256)(0.156863,0.243137,0.839216)
(-9.754523,3.740175,0.969366)(-9.756096,3.799343,0.963155)(-9.215943,3.931620,0.610256)(0.156863,0.243137,0.839216)
(-9.215943,3.931620,0.610256)(-9.756096,3.799343,0.963155)(-9.229671,3.988981,0.599571)(0.156863,0.243137,0.839216)
(-9.756096,3.799343,0.963155)(-9.760366,3.856703,0.946292)(-9.229671,3.988981,0.599571)(0.156863,0.243137,0.839216)
(-9.229671,3.988981,0.599571)(-9.760366,3.856703,0.946292)(-9.251917,4.042840,0.582256)(0.156863,0.243137,0.839216)
(-9.760366,3.856703,0.946292)(-9.767287,3.910563,0.918964)(-9.251917,4.042840,0.582256)(0.156863,0.243137,0.839216)
(-9.251917,4.042840,0.582256)(-9.767287,3.910563,0.918964)(-9.282437,4.091467,0.558502)(0.156863,0.243137,0.839216)
(-9.767287,3.910563,0.918964)(-9.776781,3.959189,0.881473)(-9.282437,4.091467,0.558502)(0.156863,0.243137,0.839216)
(-9.999755,6.036475,0.000969)(-10.000402,5.904198,0.000916)(-9.973976,4.015534,0.102767)(0.156863,0.243137,0.839216)
(-10.000402,5.904198,0.000916)(-10.042584,3.883256,0.097082)(-9.973976,4.015534,0.102767)(0.156863,0.243137,0.839216)
(-9.973976,4.015534,0.102767)(-10.042584,3.883256,0.097082)(-9.948485,3.731971,0.203428)(0.156863,0.243137,0.839216)
(-10.042584,3.883256,0.097082)(-10.084296,3.599693,0.192175)(-9.948485,3.731971,0.203428)(0.156863,0.243137,0.839216)
(-9.948485,3.731971,0.203428)(-10.084296,3.599693,0.192175)(-9.923564,3.581981,0.301840)(0.156863,0.243137,0.839216)
(-10.084296,3.599693,0.192175)(-10.125075,3.449704,0.285142)(-9.923564,3.581981,0.301840)(0.156863,0.243137,0.839216)
(-9.923564,3.581981,0.301840)(-10.125075,3.449704,0.285142)(-9.899488,3.492481,0.396913)(0.156863,0.243137,0.839216)
(-10.125075,3.449704,0.285142)(-10.164471,3.360203,0.374956)(-9.899488,3.492481,0.396913)(0.156863,0.243137,0.839216)
(-9.899488,3.492481,0.396913)(-10.164471,3.360203,0.374956)(-9.876524,3.440108,0.487597)(0.156863,0.243137,0.839216)
(-10.164471,3.360203,0.374956)(-10.202048,3.307830,0.460623)(-9.876524,3.440108,0.487597)(0.156863,0.243137,0.839216)
(-9.876524,3.440108,0.487597)(-10.202048,3.307830,0.460623)(-9.854925,3.414070,0.572888)(0.156863,0.243137,0.839216)
(-10.202048,3.307830,0.460623)(-10.237391,3.281792,0.541196)(-9.854925,3.414070,0.572888)(0.156863,0.243137,0.839216)
(-9.854925,3.414070,0.572888)(-10.237391,3.281792,0.541196)(-9.834931,3.408226,0.651844)(0.156863,0.243137,0.839216)
(-10.237391,3.281792,0.541196)(-10.270108,3.275948,0.615784)(-9.834931,3.408226,0.651844)(0.156863,0.243137,0.839216)
(-9.834931,3.408226,0.651844)(-10.270108,3.275948,0.615784)(-9.816762,3.418528,0.723591)(0.156863,0.243137,0.839216)
(-10.270108,3.275948,0.615784)(-10.299838,3.286250,0.683563)(-9.816762,3.418528,0.723591)(0.156863,0.243137,0.839216)
(-9.816762,3.418528,0.723591)(-10.299838,3.286250,0.683563)(-9.800619,3.441982,0.787336)(0.156863,0.243137,0.839216)
(-10.299838,3.286250,0.683563)(-10.326253,3.309705,0.743781)(-9.800619,3.441982,0.787336)(0.156863,0.243137,0.839216)
(-9.800619,3.441982,0.787336)(-10.326253,3.309705,0.743781)(-9.786682,3.476173,0.842374)(0.156863,0.243137,0.839216)
(-10.326253,3.309705,0.743781)(-10.349059,3.343895,0.795774)(-9.786682,3.476173,0.842374)(0.156863,0.243137,0.839216)
(-9.786682,3.476173,0.842374)(-10.349059,3.343895,0.795774)(-9.775104,3.519007,0.888096)(0.156863,0.243137,0.839216)
(-10.349059,3.343895,0.795774)(-10.368005,3.386729,0.838967)(-9.775104,3.519007,0.888096)(0.156863,0.243137,0.839216)
(-9.775104,3.519007,0.888096)(-10.368005,3.386729,0.838967)(-9.766012,3.568584,0.923996)(0.156863,0.243137,0.839216)
(-10.368005,3.386729,0.838967)(-10.382881,3.436306,0.872881)(-9.766012,3.568584,0.923996)(0.156863,0.243137,0.839216)
(-9.766012,3.568584,0.923996)(-10.382881,3.436306,0.872881)(-9.759509,3.623114,0.949678)(0.156863,0.243137,0.839216)
(-10.382881,3.436306,0.872881)(-10.393523,3.490837,0.897142)(-9.759509,3.623114,0.949678)(0.156863,0.243137,0.839216)
(-9.759509,3.623114,0.949678)(-10.393523,3.490837,0.897142)(-9.755665,3.680874,0.964857)(0.156863,0.243137,0.839216)
(-10.393523,3.490837,0.897142)(-10.399813,3.548596,0.911482)(-9.755665,3.680874,0.964857)(0.156863,0.243137,0.839216)
(-9.755665,3.680874,0.964857)(-10.399813,3.548596,0.911482)(-9.754523,3.740175,0.969366)(0.156863,0.243137,0.839216)
(-10.399813,3.548596,0.911482)(-10.401681,3.607897,0.915741)(-9.754523,3.740175,0.969366)(0.156863,0.243137,0.839216)
(-9.754523,3.740175,0.969366)(-10.401681,3.607897,0.915741)(-9.756096,3.799343,0.963155)(0.156863,0.243137,0.839216)
(-10.401681,3.607897,0.915741)(-10.399108,3.667065,0.909874)(-9.756096,3.799343,0.963155)(0.156863,0.243137,0.839216)
(-9.756096,3.799343,0.963155)(-10.399108,3.667065,0.909874)(-9.760366,3.856703,0.946292)(0.156863,0.243137,0.839216)
(-10.399108,3.667065,0.909874)(-10.392120,3.724425,0.893943)(-9.760366,3.856703,0.946292)(0.156863,0.243137,0.839216)
(-9.760366,3.856703,0.946292)(-10.392120,3.724425,0.893943)(-9.767287,3.910563,0.918964)(0.156863,0.243137,0.839216)
(-10.392120,3.724425,0.893943)(-10.380796,3.778285,0.868127)(-9.767287,3.910563,0.918964)(0.156863,0.243137,0.839216)
(-9.767287,3.910563,0.918964)(-10.380796,3.778285,0.868127)(-9.776781,3.959189,0.881473)(0.156863,0.243137,0.839216)
(-10.380796,3.778285,0.868127)(-10.365261,3.826912,0.832710)(-9.776781,3.959189,0.881473)(0.156863,0.243137,0.839216)
(-10.000402,5.904198,0.000916)(-10.000879,5.771920,0.000476)(-10.042584,3.883256,0.097082)(0.156863,0.243137,0.839216)
(-10.000879,5.771920,0.000476)(-10.093234,3.750979,0.050456)(-10.042584,3.883256,0.097082)(0.156863,0.243137,0.839216)
(-10.042584,3.883256,0.097082)(-10.093234,3.750979,0.050456)(-10.084296,3.599693,0.192175)(0.156863,0.243137,0.839216)
(-10.093234,3.750979,0.050456)(-10.184557,3.467416,0.099877)(-10.084296,3.599693,0.192175)(0.156863,0.243137,0.839216)
(-10.084296,3.599693,0.192175)(-10.184557,3.467416,0.099877)(-10.125075,3.449704,0.285142)(0.156863,0.243137,0.839216)
(-10.184557,3.467416,0.099877)(-10.273839,3.317426,0.148194)(-10.125075,3.449704,0.285142)(0.156863,0.243137,0.839216)
(-10.125075,3.449704,0.285142)(-10.273839,3.317426,0.148194)(-10.164471,3.360203,0.374956)(0.156863,0.243137,0.839216)
(-10.273839,3.317426,0.148194)(-10.360093,3.227926,0.194873)(-10.164471,3.360203,0.374956)(0.156863,0.243137,0.839216)
(-10.164471,3.360203,0.374956)(-10.360093,3.227926,0.194873)(-10.202048,3.307830,0.460623)(0.156863,0.243137,0.839216)
(-10.360093,3.227926,0.194873)(-10.442365,3.175553,0.239396)(-10.202048,3.307830,0.460623)(0.156863,0.243137,0.839216)
(-10.202048,3.307830,0.460623)(-10.442365,3.175553,0.239396)(-10.237391,3.281792,0.541196)(0.156863,0.243137,0.839216)
(-10.442365,3.175553,0.239396)(-10.519744,3.149515,0.281272)(-10.237391,3.281792,0.541196)(0.156863,0.243137,0.839216)
(-10.237391,3.281792,0.541196)(-10.519744,3.149515,0.281272)(-10.270108,3.275948,0.615784)(0.156863,0.243137,0.839216)
(-10.519744,3.149515,0.281272)(-10.591376,3.143671,0.320037)(-10.270108,3.275948,0.615784)(0.156863,0.243137,0.839216)
(-10.270108,3.275948,0.615784)(-10.591376,3.143671,0.320037)(-10.299838,3.286250,0.683563)(0.156863,0.243137,0.839216)
(-10.591376,3.143671,0.320037)(-10.656467,3.153972,0.355262)(-10.299838,3.286250,0.683563)(0.156863,0.243137,0.839216)
(-10.299838,3.286250,0.683563)(-10.656467,3.153972,0.355262)(-10.326253,3.309705,0.743781)(0.156863,0.243137,0.839216)
(-10.656467,3.153972,0.355262)(-10.714299,3.177427,0.386559)(-10.326253,3.309705,0.743781)(0.156863,0.243137,0.839216)
(-10.326253,3.309705,0.743781)(-10.714299,3.177427,0.386559)(-10.349059,3.343895,0.795774)(0.156863,0.243137,0.839216)
(-10.714299,3.177427,0.386559)(-10.764231,3.211618,0.413581)(-10.349059,3.343895,0.795774)(0.156863,0.243137,0.839216)
(-10.349059,3.343895,0.795774)(-10.764231,3.211618,0.413581)(-10.368005,3.386729,0.838967)(0.156863,0.243137,0.839216)
(-10.764231,3.211618,0.413581)(-10.805712,3.254452,0.436029)(-10.368005,3.386729,0.838967)(0.156863,0.243137,0.839216)
(-10.368005,3.386729,0.838967)(-10.805712,3.254452,0.436029)(-10.382881,3.436306,0.872881)(0.156863,0.243137,0.839216)
(-10.805712,3.254452,0.436029)(-10.838282,3.304029,0.453655)(-10.382881,3.436306,0.872881)(0.156863,0.243137,0.839216)
(-10.382881,3.436306,0.872881)(-10.838282,3.304029,0.453655)(-10.393523,3.490837,0.897142)(0.156863,0.243137,0.839216)
(-10.838282,3.304029,0.453655)(-10.861581,3.358559,0.466264)(-10.393523,3.490837,0.897142)(0.156863,0.243137,0.839216)
(-10.393523,3.490837,0.897142)(-10.861581,3.358559,0.466264)(-10.399813,3.548596,0.911482)(0.156863,0.243137,0.839216)
(-10.861581,3.358559,0.466264)(-10.875352,3.416319,0.473717)(-10.399813,3.548596,0.911482)(0.156863,0.243137,0.839216)
(-10.399813,3.548596,0.911482)(-10.875352,3.416319,0.473717)(-10.401681,3.607897,0.915741)(0.156863,0.243137,0.839216)
(-10.875352,3.416319,0.473717)(-10.879443,3.475620,0.475931)(-10.401681,3.607897,0.915741)(0.156863,0.243137,0.839216)
(-10.401681,3.607897,0.915741)(-10.879443,3.475620,0.475931)(-10.399108,3.667065,0.909874)(0.156863,0.243137,0.839216)
(-10.879443,3.475620,0.475931)(-10.873808,3.534788,0.472881)(-10.399108,3.667065,0.909874)(0.156863,0.243137,0.839216)
(-10.399108,3.667065,0.909874)(-10.873808,3.534788,0.472881)(-10.392120,3.724425,0.893943)(0.156863,0.243137,0.839216)
(-10.873808,3.534788,0.472881)(-10.858509,3.592148,0.464602)(-10.392120,3.724425,0.893943)(0.156863,0.243137,0.839216)
(-10.392120,3.724425,0.893943)(-10.858509,3.592148,0.464602)(-10.380796,3.778285,0.868127)(0.156863,0.243137,0.839216)
(-10.858509,3.592148,0.464602)(-10.833716,3.646007,0.451185)(-10.380796,3.778285,0.868127)(0.156863,0.243137,0.839216)
(-10.380796,3.778285,0.868127)(-10.833716,3.646007,0.451185)(-10.365261,3.826912,0.832710)(0.156863,0.243137,0.839216)
(-10.833716,3.646007,0.451185)(-10.799703,3.694634,0.432778)(-10.365261,3.826912,0.832710)(0.156863,0.243137,0.839216)
(-10.000879,5.771920,0.000476)(-10.000986,5.639643,-0.000165)(-10.093234,3.750979,0.050456)(0.156863,0.243137,0.839216)
(-10.000986,5.639643,-0.000165)(-10.104565,3.618701,-0.017449)(-10.093234,3.750979,0.050456)(0.156863,0.243137,0.839216)
(-10.093234,3.750979,0.050456)(-10.104565,3.618701,-0.017449)(-10.184557,3.467416,0.099877)(0.156863,0.243137,0.839216)
(-10.104565,3.618701,-0.017449)(-10.206987,3.335138,-0.034540)(-10.184557,3.467416,0.099877)(0.156863,0.243137,0.839216)
(-10.184557,3.467416,0.099877)(-10.206987,3.335138,-0.034540)(-10.273839,3.317426,0.148194)(0.156863,0.243137,0.839216)
(-10.206987,3.335138,-0.034540)(-10.307121,3.185148,-0.051249)(-10.273839,3.317426,0.148194)(0.156863,0.243137,0.839216)
(-10.273839,3.317426,0.148194)(-10.307121,3.185148,-0.051249)(-10.360093,3.227926,0.194873)(0.156863,0.243137,0.839216)
(-10.307121,3.185148,-0.051249)(-10.403858,3.095648,-0.067392)(-10.360093,3.227926,0.194873)(0.156863,0.243137,0.839216)
(-10.360093,3.227926,0.194873)(-10.403858,3.095648,-0.067392)(-10.442365,3.175553,0.239396)(0.156863,0.243137,0.839216)
(-10.403858,3.095648,-0.067392)(-10.496128,3.043275,-0.082789)(-10.442365,3.175553,0.239396)(0.156863,0.243137,0.839216)
(-10.442365,3.175553,0.239396)(-10.496128,3.043275,-0.082789)(-10.519744,3.149515,0.281272)(0.156863,0.243137,0.839216)
(-10.496128,3.043275,-0.082789)(-10.582912,3.017237,-0.097271)(-10.519744,3.149515,0.281272)(0.156863,0.243137,0.839216)
(-10.519744,3.149515,0.281272)(-10.582912,3.017237,-0.097271)(-10.591376,3.143671,0.320037)(0.156863,0.243137,0.839216)
(-10.582912,3.017237,-0.097271)(-10.663249,3.011393,-0.110677)(-10.591376,3.143671,0.320037)(0.156863,0.243137,0.839216)
(-10.591376,3.143671,0.320037)(-10.663249,3.011393,-0.110677)(-10.656467,3.153972,0.355262)(0.156863,0.243137,0.839216)
(-10.663249,3.011393,-0.110677)(-10.736252,3.021695,-0.122859)(-10.656467,3.153972,0.355262)(0.156863,0.243137,0.839216)
(-10.656467,3.153972,0.355262)(-10.736252,3.021695,-0.122859)(-10.714299,3.177427,0.386559)(0.156863,0.243137,0.839216)
(-10.736252,3.021695,-0.122859)(-10.801112,3.045150,-0.133682)(-10.714299,3.177427,0.386559)(0.156863,0.243137,0.839216)
(-10.714299,3.177427,0.386559)(-10.801112,3.045150,-0.133682)(-10.764231,3.211618,0.413581)(0.156863,0.243137,0.839216)
(-10.801112,3.045150,-0.133682)(-10.857113,3.079340,-0.143027)(-10.764231,3.211618,0.413581)(0.156863,0.243137,0.839216)
(-10.764231,3.211618,0.413581)(-10.857113,3.079340,-0.143027)(-10.805712,3.254452,0.436029)(0.156863,0.243137,0.839216)
(-10.857113,3.079340,-0.143027)(-10.903634,3.122174,-0.150790)(-10.805712,3.254452,0.436029)(0.156863,0.243137,0.839216)
(-10.805712,3.254452,0.436029)(-10.903634,3.122174,-0.150790)(-10.838282,3.304029,0.453655)(0.156863,0.243137,0.839216)
(-10.903634,3.122174,-0.150790)(-10.940163,3.171751,-0.156885)(-10.838282,3.304029,0.453655)(0.156863,0.243137,0.839216)
(-10.838282,3.304029,0.453655)(-10.940163,3.171751,-0.156885)(-10.861581,3.358559,0.466264)(0.156863,0.243137,0.839216)
(-10.940163,3.171751,-0.156885)(-10.966294,3.226281,-0.161246)(-10.861581,3.358559,0.466264)(0.156863,0.243137,0.839216)
(-10.861581,3.358559,0.466264)(-10.966294,3.226281,-0.161246)(-10.875352,3.416319,0.473717)(0.156863,0.243137,0.839216)
(-10.966294,3.226281,-0.161246)(-10.981739,3.284041,-0.163823)(-10.875352,3.416319,0.473717)(0.156863,0.243137,0.839216)
(-10.875352,3.416319,0.473717)(-10.981739,3.284041,-0.163823)(-10.879443,3.475620,0.475931)(0.156863,0.243137,0.839216)
(-10.981739,3.284041,-0.163823)(-10.986327,3.343342,-0.164589)(-10.879443,3.475620,0.475931)(0.156863,0.243137,0.839216)
(-10.879443,3.475620,0.475931)(-10.986327,3.343342,-0.164589)(-10.873808,3.534788,0.472881)(0.156863,0.243137,0.839216)
(-10.986327,3.343342,-0.164589)(-10.980007,3.402510,-0.163534)(-10.873808,3.534788,0.472881)(0.156863,0.243137,0.839216)
(-10.873808,3.534788,0.472881)(-10.980007,3.402510,-0.163534)(-10.858509,3.592148,0.464602)(0.156863,0.243137,0.839216)
(-10.980007,3.402510,-0.163534)(-10.962849,3.459870,-0.160671)(-10.858509,3.592148,0.464602)(0.156863,0.243137,0.839216)
(-10.858509,3.592148,0.464602)(-10.962849,3.459870,-0.160671)(-10.833716,3.646007,0.451185)(0.156863,0.243137,0.839216)
(-10.962849,3.459870,-0.160671)(-10.935043,3.513730,-0.156031)(-10.833716,3.646007,0.451185)(0.156863,0.243137,0.839216)
(-10.833716,3.646007,0.451185)(-10.935043,3.513730,-0.156031)(-10.799703,3.694634,0.432778)(0.156863,0.243137,0.839216)
(-10.935043,3.513730,-0.156031)(-10.896896,3.562357,-0.149665)(-10.799703,3.694634,0.432778)(0.156863,0.243137,0.839216)
(-10.000986,5.639643,-0.000165)(-10.000677,5.507365,-0.000736)(-10.104565,3.618701,-0.017449)(0.156863,0.243137,0.839216)
(-10.000677,5.507365,-0.000736)(-10.071799,3.486423,-0.077995)(-10.104565,3.618701,-0.017449)(0.156863,0.243137,0.839216)
(-10.104565,3.618701,-0.017449)(-10.071799,3.486423,-0.077995)(-10.206987,3.335138,-0.034540)(0.156863,0.243137,0.839216)
(-10.071799,3.486423,-0.077995)(-10.142127,3.202861,-0.154391)(-10.206987,3.335138,-0.034540)(0.156863,0.243137,0.839216)
(-10.206987,3.335138,-0.034540)(-10.142127,3.202861,-0.154391)(-10.307121,3.185148,-0.051249)(0.156863,0.243137,0.839216)
(-10.142127,3.202861,-0.154391)(-10.210883,3.052871,-0.229080)(-10.307121,3.185148,-0.051249)(0.156863,0.243137,0.839216)
(-10.307121,3.185148,-0.051249)(-10.210883,3.052871,-0.229080)(-10.403858,3.095648,-0.067392)(0.156863,0.243137,0.839216)
(-10.210883,3.052871,-0.229080)(-10.277307,2.963370,-0.301236)(-10.403858,3.095648,-0.067392)(0.156863,0.243137,0.839216)
(-10.403858,3.095648,-0.067392)(-10.277307,2.963370,-0.301236)(-10.496128,3.043275,-0.082789)(0.156863,0.243137,0.839216)
(-10.277307,2.963370,-0.301236)(-10.340665,2.910998,-0.370060)(-10.496128,3.043275,-0.082789)(0.156863,0.243137,0.839216)
(-10.496128,3.043275,-0.082789)(-10.340665,2.910998,-0.370060)(-10.582912,3.017237,-0.097271)(0.156863,0.243137,0.839216)
(-10.340665,2.910998,-0.370060)(-10.400254,2.884960,-0.434792)(-10.582912,3.017237,-0.097271)(0.156863,0.243137,0.839216)
(-10.582912,3.017237,-0.097271)(-10.400254,2.884960,-0.434792)(-10.663249,3.011393,-0.110677)(0.156863,0.243137,0.839216)
(-10.400254,2.884960,-0.434792)(-10.455418,2.879116,-0.494716)(-10.663249,3.011393,-0.110677)(0.156863,0.243137,0.839216)
(-10.663249,3.011393,-0.110677)(-10.455418,2.879116,-0.494716)(-10.736252,3.021695,-0.122859)(0.156863,0.243137,0.839216)
(-10.455418,2.879116,-0.494716)(-10.505545,2.889417,-0.549168)(-10.736252,3.021695,-0.122859)(0.156863,0.243137,0.839216)
(-10.736252,3.021695,-0.122859)(-10.505545,2.889417,-0.549168)(-10.801112,3.045150,-0.133682)(0.156863,0.243137,0.839216)
(-10.505545,2.889417,-0.549168)(-10.550081,2.912872,-0.597547)(-10.801112,3.045150,-0.133682)(0.156863,0.243137,0.839216)
(-10.801112,3.045150,-0.133682)(-10.550081,2.912872,-0.597547)(-10.857113,3.079340,-0.143027)(0.156863,0.243137,0.839216)
(-10.550081,2.912872,-0.597547)(-10.588533,2.947062,-0.639318)(-10.857113,3.079340,-0.143027)(0.156863,0.243137,0.839216)
(-10.857113,3.079340,-0.143027)(-10.588533,2.947062,-0.639318)(-10.903634,3.122174,-0.150790)(0.156863,0.243137,0.839216)
(-10.588533,2.947062,-0.639318)(-10.620477,2.989897,-0.674018)(-10.903634,3.122174,-0.150790)(0.156863,0.243137,0.839216)
(-10.903634,3.122174,-0.150790)(-10.620477,2.989897,-0.674018)(-10.940163,3.171751,-0.156885)(0.156863,0.243137,0.839216)
(-10.620477,2.989897,-0.674018)(-10.645560,3.039473,-0.701265)(-10.940163,3.171751,-0.156885)(0.156863,0.243137,0.839216)
(-10.940163,3.171751,-0.156885)(-10.645560,3.039473,-0.701265)(-10.966294,3.226281,-0.161246)(0.156863,0.243137,0.839216)
(-10.645560,3.039473,-0.701265)(-10.663503,3.094004,-0.720756)(-10.966294,3.226281,-0.161246)(0.156863,0.243137,0.839216)
(-10.966294,3.226281,-0.161246)(-10.663503,3.094004,-0.720756)(-10.981739,3.284041,-0.163823)(0.156863,0.243137,0.839216)
(-10.663503,3.094004,-0.720756)(-10.674108,3.151764,-0.732276)(-10.981739,3.284041,-0.163823)(0.156863,0.243137,0.839216)
(-10.981739,3.284041,-0.163823)(-10.674108,3.151764,-0.732276)(-10.986327,3.343342,-0.164589)(0.156863,0.243137,0.839216)
(-10.674108,3.151764,-0.732276)(-10.677258,3.211065,-0.735698)(-10.986327,3.343342,-0.164589)(0.156863,0.243137,0.839216)
(-10.986327,3.343342,-0.164589)(-10.677258,3.211065,-0.735698)(-10.980007,3.402510,-0.163534)(0.156863,0.243137,0.839216)
(-10.677258,3.211065,-0.735698)(-10.672918,3.270232,-0.730984)(-10.980007,3.402510,-0.163534)(0.156863,0.243137,0.839216)
(-10.980007,3.402510,-0.163534)(-10.672918,3.270232,-0.730984)(-10.962849,3.459870,-0.160671)(0.156863,0.243137,0.839216)
(-10.672918,3.270232,-0.730984)(-10.661137,3.327593,-0.718186)(-10.962849,3.459870,-0.160671)(0.156863,0.243137,0.839216)
(-10.962849,3.459870,-0.160671)(-10.661137,3.327593,-0.718186)(-10.935043,3.513730,-0.156031)(0.156863,0.243137,0.839216)
(-10.661137,3.327593,-0.718186)(-10.642044,3.381452,-0.697445)(-10.935043,3.513730,-0.156031)(0.156863,0.243137,0.839216)
(-10.935043,3.513730,-0.156031)(-10.642044,3.381452,-0.697445)(-10.896896,3.562357,-0.149665)(0.156863,0.243137,0.839216)
(-10.642044,3.381452,-0.697445)(-10.615850,3.430079,-0.668992)(-10.896896,3.562357,-0.149665)(0.156863,0.243137,0.839216)
(-10.000677,5.507365,-0.000736)(-10.000083,5.375087,-0.000997)(-10.071799,3.486423,-0.077995)(0.156863,0.243137,0.839216)
(-10.000083,5.375087,-0.000997)(-10.008754,3.354146,-0.105649)(-10.071799,3.486423,-0.077995)(0.156863,0.243137,0.839216)
(-10.071799,3.486423,-0.077995)(-10.008754,3.354146,-0.105649)(-10.142127,3.202861,-0.154391)(0.156863,0.243137,0.839216)
(-10.008754,3.354146,-0.105649)(-10.017329,3.070583,-0.209133)(-10.142127,3.202861,-0.154391)(0.156863,0.243137,0.839216)
(-10.142127,3.202861,-0.154391)(-10.017329,3.070583,-0.209133)(-10.210883,3.052871,-0.229080)(0.156863,0.243137,0.839216)
(-10.017329,3.070583,-0.209133)(-10.025713,2.920593,-0.310304)(-10.210883,3.052871,-0.229080)(0.156863,0.243137,0.839216)
(-10.210883,3.052871,-0.229080)(-10.025713,2.920593,-0.310304)(-10.277307,2.963370,-0.301236)(0.156863,0.243137,0.839216)
(-10.025713,2.920593,-0.310304)(-10.033811,2.831093,-0.408043)(-10.277307,2.963370,-0.301236)(0.156863,0.243137,0.839216)
(-10.277307,2.963370,-0.301236)(-10.033811,2.831093,-0.408043)(-10.340665,2.910998,-0.370060)(0.156863,0.243137,0.839216)
(-10.033811,2.831093,-0.408043)(-10.041536,2.778720,-0.501270)(-10.340665,2.910998,-0.370060)(0.156863,0.243137,0.839216)
(-10.340665,2.910998,-0.370060)(-10.041536,2.778720,-0.501270)(-10.400254,2.884960,-0.434792)(0.156863,0.243137,0.839216)
(-10.041536,2.778720,-0.501270)(-10.048802,2.752682,-0.588953)(-10.400254,2.884960,-0.434792)(0.156863,0.243137,0.839216)
(-10.400254,2.884960,-0.434792)(-10.048802,2.752682,-0.588953)(-10.455418,2.879116,-0.494716)(0.156863,0.243137,0.839216)
(-10.048802,2.752682,-0.588953)(-10.055528,2.746838,-0.670124)(-10.455418,2.879116,-0.494716)(0.156863,0.243137,0.839216)
(-10.455418,2.879116,-0.494716)(-10.055528,2.746838,-0.670124)(-10.505545,2.889417,-0.549168)(0.156863,0.243137,0.839216)
(-10.055528,2.746838,-0.670124)(-10.061640,2.757140,-0.743883)(-10.505545,2.889417,-0.549168)(0.156863,0.243137,0.839216)
(-10.505545,2.889417,-0.549168)(-10.061640,2.757140,-0.743883)(-10.550081,2.912872,-0.597547)(0.156863,0.243137,0.839216)
(-10.061640,2.757140,-0.743883)(-10.067070,2.780595,-0.809415)(-10.550081,2.912872,-0.597547)(0.156863,0.243137,0.839216)
(-10.550081,2.912872,-0.597547)(-10.067070,2.780595,-0.809415)(-10.588533,2.947062,-0.639318)(0.156863,0.243137,0.839216)
(-10.067070,2.780595,-0.809415)(-10.071758,2.814785,-0.865996)(-10.588533,2.947062,-0.639318)(0.156863,0.243137,0.839216)
(-10.588533,2.947062,-0.639318)(-10.071758,2.814785,-0.865996)(-10.620477,2.989897,-0.674018)(0.156863,0.243137,0.839216)
(-10.071758,2.814785,-0.865996)(-10.075653,2.857619,-0.913000)(-10.620477,2.989897,-0.674018)(0.156863,0.243137,0.839216)
(-10.620477,2.989897,-0.674018)(-10.075653,2.857619,-0.913000)(-10.645560,3.039473,-0.701265)(0.156863,0.243137,0.839216)
(-10.075653,2.857619,-0.913000)(-10.078712,2.907196,-0.949907)(-10.645560,3.039473,-0.701265)(0.156863,0.243137,0.839216)
(-10.645560,3.039473,-0.701265)(-10.078712,2.907196,-0.949907)(-10.663503,3.094004,-0.720756)(0.156863,0.243137,0.839216)
(-10.078712,2.907196,-0.949907)(-10.080899,2.961726,-0.976309)(-10.663503,3.094004,-0.720756)(0.156863,0.243137,0.839216)
(-10.663503,3.094004,-0.720756)(-10.080899,2.961726,-0.976309)(-10.674108,3.151764,-0.732276)(0.156863,0.243137,0.839216)
(-10.080899,2.961726,-0.976309)(-10.082192,3.019486,-0.991914)(-10.674108,3.151764,-0.732276)(0.156863,0.243137,0.839216)
(-10.674108,3.151764,-0.732276)(-10.082192,3.019486,-0.991914)(-10.677258,3.211065,-0.735698)(0.156863,0.243137,0.839216)
(-10.082192,3.019486,-0.991914)(-10.082576,3.078787,-0.996550)(-10.677258,3.211065,-0.735698)(0.156863,0.243137,0.839216)
(-10.677258,3.211065,-0.735698)(-10.082576,3.078787,-0.996550)(-10.672918,3.270232,-0.730984)(0.156863,0.243137,0.839216)
(-10.082576,3.078787,-0.996550)(-10.082047,3.137955,-0.990164)(-10.672918,3.270232,-0.730984)(0.156863,0.243137,0.839216)
(-10.672918,3.270232,-0.730984)(-10.082047,3.137955,-0.990164)(-10.661137,3.327593,-0.718186)(0.156863,0.243137,0.839216)
(-10.082047,3.137955,-0.990164)(-10.080611,3.195315,-0.972828)(-10.661137,3.327593,-0.718186)(0.156863,0.243137,0.839216)
(-10.661137,3.327593,-0.718186)(-10.080611,3.195315,-0.972828)(-10.642044,3.381452,-0.697445)(0.156863,0.243137,0.839216)
(-10.080611,3.195315,-0.972828)(-10.078283,3.249175,-0.944734)(-10.642044,3.381452,-0.697445)(0.156863,0.243137,0.839216)
(-10.642044,3.381452,-0.697445)(-10.078283,3.249175,-0.944734)(-10.615850,3.430079,-0.668992)(0.156863,0.243137,0.839216)
(-10.078283,3.249175,-0.944734)(-10.075089,3.297801,-0.906192)(-10.615850,3.430079,-0.668992)(0.156863,0.243137,0.839216)
(-10.000083,5.375087,-0.000997)(-9.999453,5.242810,-0.000837)(-10.008754,3.354146,-0.105649)(0.156863,0.243137,0.839216)
(-9.999453,5.242810,-0.000837)(-9.942018,3.221868,-0.088749)(-10.008754,3.354146,-0.105649)(0.156863,0.243137,0.839216)
(-10.008754,3.354146,-0.105649)(-9.942018,3.221868,-0.088749)(-10.017329,3.070583,-0.209133)(0.156863,0.243137,0.839216)
(-9.942018,3.221868,-0.088749)(-9.885223,2.938305,-0.175679)(-10.017329,3.070583,-0.209133)(0.156863,0.243137,0.839216)
(-10.017329,3.070583,-0.209133)(-9.885223,2.938305,-0.175679)(-10.025713,2.920593,-0.310304)(0.156863,0.243137,0.839216)
(-9.885223,2.938305,-0.175679)(-9.829698,2.788316,-0.260666)(-10.025713,2.920593,-0.310304)(0.156863,0.243137,0.839216)
(-10.025713,2.920593,-0.310304)(-9.829698,2.788316,-0.260666)(-10.033811,2.831093,-0.408043)(0.156863,0.243137,0.839216)
(-9.829698,2.788316,-0.260666)(-9.776057,2.698815,-0.342771)(-10.033811,2.831093,-0.408043)(0.156863,0.243137,0.839216)
(-10.033811,2.831093,-0.408043)(-9.776057,2.698815,-0.342771)(-10.041536,2.778720,-0.501270)(0.156863,0.243137,0.839216)
(-9.776057,2.698815,-0.342771)(-9.724892,2.646443,-0.421085)(-10.041536,2.778720,-0.501270)(0.156863,0.243137,0.839216)
(-10.041536,2.778720,-0.501270)(-9.724892,2.646443,-0.421085)(-10.048802,2.752682,-0.588953)(0.156863,0.243137,0.839216)
(-9.724892,2.646443,-0.421085)(-9.676769,2.620404,-0.494742)(-10.048802,2.752682,-0.588953)(0.156863,0.243137,0.839216)
(-10.048802,2.752682,-0.588953)(-9.676769,2.620404,-0.494742)(-10.055528,2.746838,-0.670124)(0.156863,0.243137,0.839216)
(-9.676769,2.620404,-0.494742)(-9.632221,2.614561,-0.562928)(-10.055528,2.746838,-0.670124)(0.156863,0.243137,0.839216)
(-10.055528,2.746838,-0.670124)(-9.632221,2.614561,-0.562928)(-10.061640,2.757140,-0.743883)(0.156863,0.243137,0.839216)
(-9.632221,2.614561,-0.562928)(-9.591740,2.624862,-0.624888)(-10.061640,2.757140,-0.743883)(0.156863,0.243137,0.839216)
(-10.061640,2.757140,-0.743883)(-9.591740,2.624862,-0.624888)(-10.067070,2.780595,-0.809415)(0.156863,0.243137,0.839216)
(-9.591740,2.624862,-0.624888)(-9.555775,2.648317,-0.679937)(-10.067070,2.780595,-0.809415)(0.156863,0.243137,0.839216)
(-10.067070,2.780595,-0.809415)(-9.555775,2.648317,-0.679937)(-10.071758,2.814785,-0.865996)(0.156863,0.243137,0.839216)
(-9.555775,2.648317,-0.679937)(-9.524722,2.682507,-0.727468)(-10.071758,2.814785,-0.865996)(0.156863,0.243137,0.839216)
(-10.071758,2.814785,-0.865996)(-9.524722,2.682507,-0.727468)(-10.075653,2.857619,-0.913000)(0.156863,0.243137,0.839216)
(-9.524722,2.682507,-0.727468)(-9.498925,2.725341,-0.766953)(-10.075653,2.857619,-0.913000)(0.156863,0.243137,0.839216)
(-10.075653,2.857619,-0.913000)(-9.498925,2.725341,-0.766953)(-10.078712,2.907196,-0.949907)(0.156863,0.243137,0.839216)
(-9.498925,2.725341,-0.766953)(-9.478669,2.774918,-0.797956)(-10.078712,2.907196,-0.949907)(0.156863,0.243137,0.839216)
(-10.078712,2.907196,-0.949907)(-9.478669,2.774918,-0.797956)(-10.080899,2.961726,-0.976309)(0.156863,0.243137,0.839216)
(-9.478669,2.774918,-0.797956)(-9.464179,2.829449,-0.820135)(-10.080899,2.961726,-0.976309)(0.156863,0.243137,0.839216)
(-10.080899,2.961726,-0.976309)(-9.464179,2.829449,-0.820135)(-10.082192,3.019486,-0.991914)(0.156863,0.243137,0.839216)
(-9.464179,2.829449,-0.820135)(-9.455615,2.887209,-0.833243)(-10.082192,3.019486,-0.991914)(0.156863,0.243137,0.839216)
(-10.082192,3.019486,-0.991914)(-9.455615,2.887209,-0.833243)(-10.082576,3.078787,-0.996550)(0.156863,0.243137,0.839216)
(-9.455615,2.887209,-0.833243)(-9.453071,2.946509,-0.837137)(-10.082576,3.078787,-0.996550)(0.156863,0.243137,0.839216)
(-10.082576,3.078787,-0.996550)(-9.453071,2.946509,-0.837137)(-10.082047,3.137955,-0.990164)(0.156863,0.243137,0.839216)
(-9.453071,2.946509,-0.837137)(-9.456575,3.005677,-0.831773)(-10.082047,3.137955,-0.990164)(0.156863,0.243137,0.839216)
(-10.082047,3.137955,-0.990164)(-9.456575,3.005677,-0.831773)(-10.080611,3.195315,-0.972828)(0.156863,0.243137,0.839216)
(-9.456575,3.005677,-0.831773)(-9.466090,3.063037,-0.817210)(-10.080611,3.195315,-0.972828)(0.156863,0.243137,0.839216)
(-10.080611,3.195315,-0.972828)(-9.466090,3.063037,-0.817210)(-10.078283,3.249175,-0.944734)(0.156863,0.243137,0.839216)
(-9.466090,3.063037,-0.817210)(-9.481509,3.116897,-0.793610)(-10.078283,3.249175,-0.944734)(0.156863,0.243137,0.839216)
(-10.078283,3.249175,-0.944734)(-9.481509,3.116897,-0.793610)(-10.075089,3.297801,-0.906192)(0.156863,0.243137,0.839216)
(-9.481509,3.116897,-0.793610)(-9.502661,3.165524,-0.761233)(-10.075089,3.297801,-0.906192)(0.156863,0.243137,0.839216)
(-9.999453,5.242810,-0.000837)(-9.999054,5.110532,-0.000325)(-9.942018,3.221868,-0.088749)(0.156863,0.243137,0.839216)
(-9.999054,5.110532,-0.000325)(-9.899733,3.089591,-0.034422)(-9.942018,3.221868,-0.088749)(0.156863,0.243137,0.839216)
(-9.942018,3.221868,-0.088749)(-9.899733,3.089591,-0.034422)(-9.885223,2.938305,-0.175679)(0.156863,0.243137,0.839216)
(-9.899733,3.089591,-0.034422)(-9.801521,2.806028,-0.068138)(-9.885223,2.938305,-0.175679)(0.156863,0.243137,0.839216)
(-9.885223,2.938305,-0.175679)(-9.801521,2.806028,-0.068138)(-9.829698,2.788316,-0.260666)(0.156863,0.243137,0.839216)
(-9.801521,2.806028,-0.068138)(-9.705503,2.656038,-0.101101)(-9.829698,2.788316,-0.260666)(0.156863,0.243137,0.839216)
(-9.829698,2.788316,-0.260666)(-9.705503,2.656038,-0.101101)(-9.776057,2.698815,-0.342771)(0.156863,0.243137,0.839216)
(-9.705503,2.656038,-0.101101)(-9.612743,2.566538,-0.132946)(-9.776057,2.698815,-0.342771)(0.156863,0.243137,0.839216)
(-9.776057,2.698815,-0.342771)(-9.612743,2.566538,-0.132946)(-9.724892,2.646443,-0.421085)(0.156863,0.243137,0.839216)
(-9.612743,2.566538,-0.132946)(-9.524265,2.514165,-0.163320)(-9.724892,2.646443,-0.421085)(0.156863,0.243137,0.839216)
(-9.724892,2.646443,-0.421085)(-9.524265,2.514165,-0.163320)(-9.676769,2.620404,-0.494742)(0.156863,0.243137,0.839216)
(-9.524265,2.514165,-0.163320)(-9.441049,2.488127,-0.191888)(-9.676769,2.620404,-0.494742)(0.156863,0.243137,0.839216)
(-9.676769,2.620404,-0.494742)(-9.441049,2.488127,-0.191888)(-9.632221,2.614561,-0.562928)(0.156863,0.243137,0.839216)
(-9.441049,2.488127,-0.191888)(-9.364013,2.482283,-0.218334)(-9.632221,2.614561,-0.562928)(0.156863,0.243137,0.839216)
(-9.632221,2.614561,-0.562928)(-9.364013,2.482283,-0.218334)(-9.591740,2.624862,-0.624888)(0.156863,0.243137,0.839216)
(-9.364013,2.482283,-0.218334)(-9.294012,2.492584,-0.242366)(-9.591740,2.624862,-0.624888)(0.156863,0.243137,0.839216)
(-9.591740,2.624862,-0.624888)(-9.294012,2.492584,-0.242366)(-9.555775,2.648317,-0.679937)(0.156863,0.243137,0.839216)
(-9.294012,2.492584,-0.242366)(-9.231818,2.516039,-0.263717)(-9.555775,2.648317,-0.679937)(0.156863,0.243137,0.839216)
(-9.555775,2.648317,-0.679937)(-9.231818,2.516039,-0.263717)(-9.524722,2.682507,-0.727468)(0.156863,0.243137,0.839216)
(-9.231818,2.516039,-0.263717)(-9.178119,2.550230,-0.282152)(-9.524722,2.682507,-0.727468)(0.156863,0.243137,0.839216)
(-9.524722,2.682507,-0.727468)(-9.178119,2.550230,-0.282152)(-9.498925,2.725341,-0.766953)(0.156863,0.243137,0.839216)
(-9.178119,2.550230,-0.282152)(-9.133509,2.593064,-0.297467)(-9.498925,2.725341,-0.766953)(0.156863,0.243137,0.839216)
(-9.498925,2.725341,-0.766953)(-9.133509,2.593064,-0.297467)(-9.478669,2.774918,-0.797956)(0.156863,0.243137,0.839216)
(-9.133509,2.593064,-0.297467)(-9.098482,2.642641,-0.309491)(-9.478669,2.774918,-0.797956)(0.156863,0.243137,0.839216)
(-9.478669,2.774918,-0.797956)(-9.098482,2.642641,-0.309491)(-9.464179,2.829449,-0.820135)(0.156863,0.243137,0.839216)
(-9.098482,2.642641,-0.309491)(-9.073425,2.697171,-0.318094)(-9.464179,2.829449,-0.820135)(0.156863,0.243137,0.839216)
(-9.464179,2.829449,-0.820135)(-9.073425,2.697171,-0.318094)(-9.455615,2.887209,-0.833243)(0.156863,0.243137,0.839216)
(-9.073425,2.697171,-0.318094)(-9.058615,2.754931,-0.323178)(-9.455615,2.887209,-0.833243)(0.156863,0.243137,0.839216)
(-9.455615,2.887209,-0.833243)(-9.058615,2.754931,-0.323178)(-9.453071,2.946509,-0.837137)(0.156863,0.243137,0.839216)
(-9.058615,2.754931,-0.323178)(-9.054216,2.814232,-0.324688)(-9.453071,2.946509,-0.837137)(0.156863,0.243137,0.839216)
(-9.453071,2.946509,-0.837137)(-9.054216,2.814232,-0.324688)(-9.456575,3.005677,-0.831773)(0.156863,0.243137,0.839216)
(-9.054216,2.814232,-0.324688)(-9.060276,2.873400,-0.322608)(-9.456575,3.005677,-0.831773)(0.156863,0.243137,0.839216)
(-9.456575,3.005677,-0.831773)(-9.060276,2.873400,-0.322608)(-9.466090,3.063037,-0.817210)(0.156863,0.243137,0.839216)
(-9.060276,2.873400,-0.322608)(-9.076729,2.930760,-0.316959)(-9.466090,3.063037,-0.817210)(0.156863,0.243137,0.839216)
(-9.466090,3.063037,-0.817210)(-9.076729,2.930760,-0.316959)(-9.481509,3.116897,-0.793610)(0.156863,0.243137,0.839216)
(-9.076729,2.930760,-0.316959)(-9.103392,2.984619,-0.307806)(-9.481509,3.116897,-0.793610)(0.156863,0.243137,0.839216)
(-9.481509,3.116897,-0.793610)(-9.103392,2.984619,-0.307806)(-9.502661,3.165524,-0.761233)(0.156863,0.243137,0.839216)
(-9.103392,2.984619,-0.307806)(-9.139971,3.033246,-0.295248)(-9.502661,3.165524,-0.761233)(0.156863,0.243137,0.839216)
(-9.999054,5.110532,-0.000325)(-9.999054,4.978255,0.000325)(-9.899733,3.089591,-0.034422)(0.156863,0.243137,0.839216)
(-9.999054,4.978255,0.000325)(-9.899733,2.957313,0.034422)(-9.899733,3.089591,-0.034422)(0.156863,0.243137,0.839216)
(-9.899733,3.089591,-0.034422)(-9.899733,2.957313,0.034422)(-9.801521,2.806028,-0.068138)(0.156863,0.243137,0.839216)
(-9.899733,2.957313,0.034422)(-9.801521,2.673750,0.068138)(-9.801521,2.806028,-0.068138)(0.156863,0.243137,0.839216)
(-9.801521,2.806028,-0.068138)(-9.801521,2.673750,0.068138)(-9.705503,2.656038,-0.101101)(0.156863,0.243137,0.839216)
(-9.801521,2.673750,0.068138)(-9.705503,2.523761,0.101101)(-9.705503,2.656038,-0.101101)(0.156863,0.243137,0.839216)
(-9.705503,2.656038,-0.101101)(-9.705503,2.523761,0.101101)(-9.612743,2.566538,-0.132946)(0.156863,0.243137,0.839216)
(-9.705503,2.523761,0.101101)(-9.612743,2.434260,0.132946)(-9.612743,2.566538,-0.132946)(0.156863,0.243137,0.839216)
(-9.612743,2.566538,-0.132946)(-9.612743,2.434260,0.132946)(-9.524265,2.514165,-0.163320)(0.156863,0.243137,0.839216)
(-9.612743,2.434260,0.132946)(-9.524265,2.381887,0.163320)(-9.524265,2.514165,-0.163320)(0.156863,0.243137,0.839216)
(-9.524265,2.514165,-0.163320)(-9.524265,2.381887,0.163320)(-9.441049,2.488127,-0.191888)(0.156863,0.243137,0.839216)
(-9.524265,2.381887,0.163320)(-9.441049,2.355849,0.191888)(-9.441049,2.488127,-0.191888)(0.156863,0.243137,0.839216)
(-9.441049,2.488127,-0.191888)(-9.441049,2.355849,0.191888)(-9.364013,2.482283,-0.218334)(0.156863,0.243137,0.839216)
(-9.441049,2.355849,0.191888)(-9.364013,2.350005,0.218334)(-9.364013,2.482283,-0.218334)(0.156863,0.243137,0.839216)
(-9.364013,2.482283,-0.218334)(-9.364013,2.350005,0.218334)(-9.294012,2.492584,-0.242366)(0.156863,0.243137,0.839216)
(-9.364013,2.350005,0.218334)(-9.294012,2.360307,0.242366)(-9.294012,2.492584,-0.242366)(0.156863,0.243137,0.839216)
(-9.294012,2.492584,-0.242366)(-9.294012,2.360307,0.242366)(-9.231818,2.516039,-0.263717)(0.156863,0.243137,0.839216)
(-9.294012,2.360307,0.242366)(-9.231818,2.383762,0.263717)(-9.231818,2.516039,-0.263717)(0.156863,0.243137,0.839216)
(-9.231818,2.516039,-0.263717)(-9.231818,2.383762,0.263717)(-9.178119,2.550230,-0.282152)(0.156863,0.243137,0.839216)
(-9.231818,2.383762,0.263717)(-9.178119,2.417952,0.282152)(-9.178119,2.550230,-0.282152)(0.156863,0.243137,0.839216)
(-9.178119,2.550230,-0.282152)(-9.178119,2.417952,0.282152)(-9.133509,2.593064,-0.297467)(0.156863,0.243137,0.839216)
(-9.178119,2.417952,0.282152)(-9.133509,2.460786,0.297467)(-9.133509,2.593064,-0.297467)(0.156863,0.243137,0.839216)
(-9.133509,2.593064,-0.297467)(-9.133509,2.460786,0.297467)(-9.098482,2.642641,-0.309491)(0.156863,0.243137,0.839216)
(-9.133509,2.460786,0.297467)(-9.098482,2.510363,0.309491)(-9.098482,2.642641,-0.309491)(0.156863,0.243137,0.839216)
(-9.098482,2.642641,-0.309491)(-9.098482,2.510363,0.309491)(-9.073425,2.697171,-0.318094)(0.156863,0.243137,0.839216)
(-9.098482,2.510363,0.309491)(-9.073425,2.564893,0.318094)(-9.073425,2.697171,-0.318094)(0.156863,0.243137,0.839216)
(-9.073425,2.697171,-0.318094)(-9.073425,2.564893,0.318094)(-9.058615,2.754931,-0.323178)(0.156863,0.243137,0.839216)
(-9.073425,2.564893,0.318094)(-9.058615,2.622653,0.323178)(-9.058615,2.754931,-0.323178)(0.156863,0.243137,0.839216)
(-9.058615,2.754931,-0.323178)(-9.058615,2.622653,0.323178)(-9.054216,2.814232,-0.324688)(0.156863,0.243137,0.839216)
(-9.058615,2.622653,0.323178)(-9.054216,2.681954,0.324688)(-9.054216,2.814232,-0.324688)(0.156863,0.243137,0.839216)
(-9.054216,2.814232,-0.324688)(-9.054216,2.681954,0.324688)(-9.060276,2.873400,-0.322608)(0.156863,0.243137,0.839216)
(-9.054216,2.681954,0.324688)(-9.060276,2.741122,0.322608)(-9.060276,2.873400,-0.322608)(0.156863,0.243137,0.839216)
(-9.060276,2.873400,-0.322608)(-9.060276,2.741122,0.322608)(-9.076729,2.930760,-0.316959)(0.156863,0.243137,0.839216)
(-9.060276,2.741122,0.322608)(-9.076729,2.798482,0.316959)(-9.076729,2.930760,-0.316959)(0.156863,0.243137,0.839216)
(-9.076729,2.930760,-0.316959)(-9.076729,2.798482,0.316959)(-9.103392,2.984619,-0.307806)(0.156863,0.243137,0.839216)
(-9.076729,2.798482,0.316959)(-9.103392,2.852342,0.307806)(-9.103392,2.984619,-0.307806)(0.156863,0.243137,0.839216)
(-9.103392,2.984619,-0.307806)(-9.103392,2.852342,0.307806)(-9.139971,3.033246,-0.295248)(0.156863,0.243137,0.839216)
(-9.103392,2.852342,0.307806)(-9.139971,2.900969,0.295248)(-9.139971,3.033246,-0.295248)(0.156863,0.243137,0.839216)
(-9.999054,4.978255,0.000325)(-9.999453,4.845977,0.000837)(-9.899733,2.957313,0.034422)(0.156863,0.243137,0.839216)
(-9.999453,4.845977,0.000837)(-9.942018,2.825036,0.088749)(-9.899733,2.957313,0.034422)(0.156863,0.243137,0.839216)
(-9.899733,2.957313,0.034422)(-9.942018,2.825036,0.088749)(-9.801521,2.673750,0.068138)(0.156863,0.243137,0.839216)
(-9.942018,2.825036,0.088749)(-9.885223,2.541473,0.175679)(-9.801521,2.673750,0.068138)(0.156863,0.243137,0.839216)
(-9.801521,2.673750,0.068138)(-9.885223,2.541473,0.175679)(-9.705503,2.523761,0.101101)(0.156863,0.243137,0.839216)
(-9.885223,2.541473,0.175679)(-9.829698,2.391483,0.260666)(-9.705503,2.523761,0.101101)(0.156863,0.243137,0.839216)
(-9.705503,2.523761,0.101101)(-9.829698,2.391483,0.260666)(-9.612743,2.434260,0.132946)(0.156863,0.243137,0.839216)
(-9.829698,2.391483,0.260666)(-9.776057,2.301982,0.342771)(-9.612743,2.434260,0.132946)(0.156863,0.243137,0.839216)
(-9.612743,2.434260,0.132946)(-9.776057,2.301982,0.342771)(-9.524265,2.381887,0.163320)(0.156863,0.243137,0.839216)
(-9.776057,2.301982,0.342771)(-9.724892,2.249610,0.421085)(-9.524265,2.381887,0.163320)(0.156863,0.243137,0.839216)
(-9.524265,2.381887,0.163320)(-9.724892,2.249610,0.421085)(-9.441049,2.355849,0.191888)(0.156863,0.243137,0.839216)
(-9.724892,2.249610,0.421085)(-9.676769,2.223572,0.494742)(-9.441049,2.355849,0.191888)(0.156863,0.243137,0.839216)
(-9.441049,2.355849,0.191888)(-9.676769,2.223572,0.494742)(-9.364013,2.350005,0.218334)(0.156863,0.243137,0.839216)
(-9.676769,2.223572,0.494742)(-9.632221,2.217728,0.562928)(-9.364013,2.350005,0.218334)(0.156863,0.243137,0.839216)
(-9.364013,2.350005,0.218334)(-9.632221,2.217728,0.562928)(-9.294012,2.360307,0.242366)(0.156863,0.243137,0.839216)
(-9.632221,2.217728,0.562928)(-9.591740,2.228029,0.624888)(-9.294012,2.360307,0.242366)(0.156863,0.243137,0.839216)
(-9.294012,2.360307,0.242366)(-9.591740,2.228029,0.624888)(-9.231818,2.383762,0.263717)(0.156863,0.243137,0.839216)
(-9.591740,2.228029,0.624888)(-9.555775,2.251484,0.679937)(-9.231818,2.383762,0.263717)(0.156863,0.243137,0.839216)
(-9.231818,2.383762,0.263717)(-9.555775,2.251484,0.679937)(-9.178119,2.417952,0.282152)(0.156863,0.243137,0.839216)
(-9.555775,2.251484,0.679937)(-9.524722,2.285675,0.727468)(-9.178119,2.417952,0.282152)(0.156863,0.243137,0.839216)
(-9.178119,2.417952,0.282152)(-9.524722,2.285675,0.727468)(-9.133509,2.460786,0.297467)(0.156863,0.243137,0.839216)
(-9.524722,2.285675,0.727468)(-9.498925,2.328509,0.766953)(-9.133509,2.460786,0.297467)(0.156863,0.243137,0.839216)
(-9.133509,2.460786,0.297467)(-9.498925,2.328509,0.766953)(-9.098482,2.510363,0.309491)(0.156863,0.243137,0.839216)
(-9.498925,2.328509,0.766953)(-9.478669,2.378085,0.797956)(-9.098482,2.510363,0.309491)(0.156863,0.243137,0.839216)
(-9.098482,2.510363,0.309491)(-9.478669,2.378085,0.797956)(-9.073425,2.564893,0.318094)(0.156863,0.243137,0.839216)
(-9.478669,2.378085,0.797956)(-9.464179,2.432616,0.820135)(-9.073425,2.564893,0.318094)(0.156863,0.243137,0.839216)
(-9.073425,2.564893,0.318094)(-9.464179,2.432616,0.820135)(-9.058615,2.622653,0.323178)(0.156863,0.243137,0.839216)
(-9.464179,2.432616,0.820135)(-9.455615,2.490376,0.833243)(-9.058615,2.622653,0.323178)(0.156863,0.243137,0.839216)
(-9.058615,2.622653,0.323178)(-9.455615,2.490376,0.833243)(-9.054216,2.681954,0.324688)(0.156863,0.243137,0.839216)
(-9.455615,2.490376,0.833243)(-9.453071,2.549677,0.837137)(-9.054216,2.681954,0.324688)(0.156863,0.243137,0.839216)
(-9.054216,2.681954,0.324688)(-9.453071,2.549677,0.837137)(-9.060276,2.741122,0.322608)(0.156863,0.243137,0.839216)
(-9.453071,2.549677,0.837137)(-9.456575,2.608845,0.831773)(-9.060276,2.741122,0.322608)(0.156863,0.243137,0.839216)
(-9.060276,2.741122,0.322608)(-9.456575,2.608845,0.831773)(-9.076729,2.798482,0.316959)(0.156863,0.243137,0.839216)
(-9.456575,2.608845,0.831773)(-9.466090,2.666205,0.817210)(-9.076729,2.798482,0.316959)(0.156863,0.243137,0.839216)
(-9.076729,2.798482,0.316959)(-9.466090,2.666205,0.817210)(-9.103392,2.852342,0.307806)(0.156863,0.243137,0.839216)
(-9.466090,2.666205,0.817210)(-9.481509,2.720064,0.793610)(-9.103392,2.852342,0.307806)(0.156863,0.243137,0.839216)
(-9.103392,2.852342,0.307806)(-9.481509,2.720064,0.793610)(-9.139971,2.900969,0.295248)(0.156863,0.243137,0.839216)
(-9.481509,2.720064,0.793610)(-9.502661,2.768691,0.761233)(-9.139971,2.900969,0.295248)(0.156863,0.243137,0.839216)
(-9.999453,4.845977,0.000837)(-10.000083,4.713699,0.000997)(-9.942018,2.825036,0.088749)(0.156863,0.243137,0.839216)
(-10.000083,4.713699,0.000997)(-10.008754,2.692758,0.105649)(-9.942018,2.825036,0.088749)(0.156863,0.243137,0.839216)
(-9.942018,2.825036,0.088749)(-10.008754,2.692758,0.105649)(-9.885223,2.541473,0.175679)(0.156863,0.243137,0.839216)
(-10.008754,2.692758,0.105649)(-10.017329,2.409195,0.209133)(-9.885223,2.541473,0.175679)(0.156863,0.243137,0.839216)
(-9.885223,2.541473,0.175679)(-10.017329,2.409195,0.209133)(-9.829698,2.391483,0.260666)(0.156863,0.243137,0.839216)
(-10.017329,2.409195,0.209133)(-10.025713,2.259205,0.310304)(-9.829698,2.391483,0.260666)(0.156863,0.243137,0.839216)
(-9.829698,2.391483,0.260666)(-10.025713,2.259205,0.310304)(-9.776057,2.301982,0.342771)(0.156863,0.243137,0.839216)
(-10.025713,2.259205,0.310304)(-10.033811,2.169705,0.408043)(-9.776057,2.301982,0.342771)(0.156863,0.243137,0.839216)
(-9.776057,2.301982,0.342771)(-10.033811,2.169705,0.408043)(-9.724892,2.249610,0.421085)(0.156863,0.243137,0.839216)
(-10.033811,2.169705,0.408043)(-10.041536,2.117332,0.501270)(-9.724892,2.249610,0.421085)(0.156863,0.243137,0.839216)
(-9.724892,2.249610,0.421085)(-10.041536,2.117332,0.501270)(-9.676769,2.223572,0.494742)(0.156863,0.243137,0.839216)
(-10.041536,2.117332,0.501270)(-10.048802,2.091294,0.588953)(-9.676769,2.223572,0.494742)(0.156863,0.243137,0.839216)
(-9.676769,2.223572,0.494742)(-10.048802,2.091294,0.588953)(-9.632221,2.217728,0.562928)(0.156863,0.243137,0.839216)
(-10.048802,2.091294,0.588953)(-10.055528,2.085450,0.670124)(-9.632221,2.217728,0.562928)(0.156863,0.243137,0.839216)
(-9.632221,2.217728,0.562928)(-10.055528,2.085450,0.670124)(-9.591740,2.228029,0.624888)(0.156863,0.243137,0.839216)
(-10.055528,2.085450,0.670124)(-10.061640,2.095752,0.743883)(-9.591740,2.228029,0.624888)(0.156863,0.243137,0.839216)
(-9.591740,2.228029,0.624888)(-10.061640,2.095752,0.743883)(-9.555775,2.251484,0.679937)(0.156863,0.243137,0.839216)
(-10.061640,2.095752,0.743883)(-10.067070,2.119207,0.809415)(-9.555775,2.251484,0.679937)(0.156863,0.243137,0.839216)
(-9.555775,2.251484,0.679937)(-10.067070,2.119207,0.809415)(-9.524722,2.285675,0.727468)(0.156863,0.243137,0.839216)
(-10.067070,2.119207,0.809415)(-10.071758,2.153397,0.865996)(-9.524722,2.285675,0.727468)(0.156863,0.243137,0.839216)
(-9.524722,2.285675,0.727468)(-10.071758,2.153397,0.865996)(-9.498925,2.328509,0.766953)(0.156863,0.243137,0.839216)
(-10.071758,2.153397,0.865996)(-10.075653,2.196231,0.913000)(-9.498925,2.328509,0.766953)(0.156863,0.243137,0.839216)
(-9.498925,2.328509,0.766953)(-10.075653,2.196231,0.913000)(-9.478669,2.378085,0.797956)(0.156863,0.243137,0.839216)
(-10.075653,2.196231,0.913000)(-10.078712,2.245808,0.949907)(-9.478669,2.378085,0.797956)(0.156863,0.243137,0.839216)
(-9.478669,2.378085,0.797956)(-10.078712,2.245808,0.949907)(-9.464179,2.432616,0.820135)(0.156863,0.243137,0.839216)
(-10.078712,2.245808,0.949907)(-10.080899,2.300338,0.976309)(-9.464179,2.432616,0.820135)(0.156863,0.243137,0.839216)
(-9.464179,2.432616,0.820135)(-10.080899,2.300338,0.976309)(-9.455615,2.490376,0.833243)(0.156863,0.243137,0.839216)
(-10.080899,2.300338,0.976309)(-10.082192,2.358098,0.991914)(-9.455615,2.490376,0.833243)(0.156863,0.243137,0.839216)
(-9.455615,2.490376,0.833243)(-10.082192,2.358098,0.991914)(-9.453071,2.549677,0.837137)(0.156863,0.243137,0.839216)
(-10.082192,2.358098,0.991914)(-10.082576,2.417399,0.996550)(-9.453071,2.549677,0.837137)(0.156863,0.243137,0.839216)
(-9.453071,2.549677,0.837137)(-10.082576,2.417399,0.996550)(-9.456575,2.608845,0.831773)(0.156863,0.243137,0.839216)
(-10.082576,2.417399,0.996550)(-10.082047,2.476567,0.990164)(-9.456575,2.608845,0.831773)(0.156863,0.243137,0.839216)
(-9.456575,2.608845,0.831773)(-10.082047,2.476567,0.990164)(-9.466090,2.666205,0.817210)(0.156863,0.243137,0.839216)
(-10.082047,2.476567,0.990164)(-10.080611,2.533927,0.972828)(-9.466090,2.666205,0.817210)(0.156863,0.243137,0.839216)
(-9.466090,2.666205,0.817210)(-10.080611,2.533927,0.972828)(-9.481509,2.720064,0.793610)(0.156863,0.243137,0.839216)
(-10.080611,2.533927,0.972828)(-10.078283,2.587787,0.944734)(-9.481509,2.720064,0.793610)(0.156863,0.243137,0.839216)
(-9.481509,2.720064,0.793610)(-10.078283,2.587787,0.944734)(-9.502661,2.768691,0.761233)(0.156863,0.243137,0.839216)
(-10.078283,2.587787,0.944734)(-10.075089,2.636413,0.906192)(-9.502661,2.768691,0.761233)(0.156863,0.243137,0.839216)
(-10.000083,4.713699,0.000997)(-10.000677,4.581422,0.000736)(-10.008754,2.692758,0.105649)(0.156863,0.243137,0.839216)
(-10.000677,4.581422,0.000736)(-10.071799,2.560480,0.077995)(-10.008754,2.692758,0.105649)(0.156863,0.243137,0.839216)
(-10.008754,2.692758,0.105649)(-10.071799,2.560480,0.077995)(-10.017329,2.409195,0.209133)(0.156863,0.243137,0.839216)
(-10.071799,2.560480,0.077995)(-10.142127,2.276918,0.154391)(-10.017329,2.409195,0.209133)(0.156863,0.243137,0.839216)
(-10.017329,2.409195,0.209133)(-10.142127,2.276918,0.154391)(-10.025713,2.259205,0.310304)(0.156863,0.243137,0.839216)
(-10.142127,2.276918,0.154391)(-10.210883,2.126928,0.229080)(-10.025713,2.259205,0.310304)(0.156863,0.243137,0.839216)
(-10.025713,2.259205,0.310304)(-10.210883,2.126928,0.229080)(-10.033811,2.169705,0.408043)(0.156863,0.243137,0.839216)
(-10.210883,2.126928,0.229080)(-10.277307,2.037427,0.301236)(-10.033811,2.169705,0.408043)(0.156863,0.243137,0.839216)
(-10.033811,2.169705,0.408043)(-10.277307,2.037427,0.301236)(-10.041536,2.117332,0.501270)(0.156863,0.243137,0.839216)
(-10.277307,2.037427,0.301236)(-10.340665,1.985055,0.370060)(-10.041536,2.117332,0.501270)(0.156863,0.243137,0.839216)
(-10.041536,2.117332,0.501270)(-10.340665,1.985055,0.370060)(-10.048802,2.091294,0.588953)(0.156863,0.243137,0.839216)
(-10.340665,1.985055,0.370060)(-10.400254,1.959017,0.434792)(-10.048802,2.091294,0.588953)(0.156863,0.243137,0.839216)
(-10.048802,2.091294,0.588953)(-10.400254,1.959017,0.434792)(-10.055528,2.085450,0.670124)(0.156863,0.243137,0.839216)
(-10.400254,1.959017,0.434792)(-10.455418,1.953173,0.494716)(-10.055528,2.085450,0.670124)(0.156863,0.243137,0.839216)
(-10.055528,2.085450,0.670124)(-10.455418,1.953173,0.494716)(-10.061640,2.095752,0.743883)(0.156863,0.243137,0.839216)
(-10.455418,1.953173,0.494716)(-10.505545,1.963474,0.549168)(-10.061640,2.095752,0.743883)(0.156863,0.243137,0.839216)
(-10.061640,2.095752,0.743883)(-10.505545,1.963474,0.549168)(-10.067070,2.119207,0.809415)(0.156863,0.243137,0.839216)
(-10.505545,1.963474,0.549168)(-10.550081,1.986929,0.597547)(-10.067070,2.119207,0.809415)(0.156863,0.243137,0.839216)
(-10.067070,2.119207,0.809415)(-10.550081,1.986929,0.597547)(-10.071758,2.153397,0.865996)(0.156863,0.243137,0.839216)
(-10.550081,1.986929,0.597547)(-10.588533,2.021119,0.639318)(-10.071758,2.153397,0.865996)(0.156863,0.243137,0.839216)
(-10.071758,2.153397,0.865996)(-10.588533,2.021119,0.639318)(-10.075653,2.196231,0.913000)(0.156863,0.243137,0.839216)
(-10.588533,2.021119,0.639318)(-10.620477,2.063953,0.674018)(-10.075653,2.196231,0.913000)(0.156863,0.243137,0.839216)
(-10.075653,2.196231,0.913000)(-10.620477,2.063953,0.674018)(-10.078712,2.245808,0.949907)(0.156863,0.243137,0.839216)
(-10.620477,2.063953,0.674018)(-10.645560,2.113530,0.701265)(-10.078712,2.245808,0.949907)(0.156863,0.243137,0.839216)
(-10.078712,2.245808,0.949907)(-10.645560,2.113530,0.701265)(-10.080899,2.300338,0.976309)(0.156863,0.243137,0.839216)
(-10.645560,2.113530,0.701265)(-10.663503,2.168061,0.720756)(-10.080899,2.300338,0.976309)(0.156863,0.243137,0.839216)
(-10.080899,2.300338,0.976309)(-10.663503,2.168061,0.720756)(-10.082192,2.358098,0.991914)(0.156863,0.243137,0.839216)
(-10.663503,2.168061,0.720756)(-10.674108,2.225821,0.732276)(-10.082192,2.358098,0.991914)(0.156863,0.243137,0.839216)
(-10.082192,2.358098,0.991914)(-10.674108,2.225821,0.732276)(-10.082576,2.417399,0.996550)(0.156863,0.243137,0.839216)
(-10.674108,2.225821,0.732276)(-10.677258,2.285121,0.735698)(-10.082576,2.417399,0.996550)(0.156863,0.243137,0.839216)
(-10.082576,2.417399,0.996550)(-10.677258,2.285121,0.735698)(-10.082047,2.476567,0.990164)(0.156863,0.243137,0.839216)
(-10.677258,2.285121,0.735698)(-10.672918,2.344289,0.730984)(-10.082047,2.476567,0.990164)(0.156863,0.243137,0.839216)
(-10.082047,2.476567,0.990164)(-10.672918,2.344289,0.730984)(-10.080611,2.533927,0.972828)(0.156863,0.243137,0.839216)
(-10.672918,2.344289,0.730984)(-10.661137,2.401650,0.718186)(-10.080611,2.533927,0.972828)(0.156863,0.243137,0.839216)
(-10.080611,2.533927,0.972828)(-10.661137,2.401650,0.718186)(-10.078283,2.587787,0.944734)(0.156863,0.243137,0.839216)
(-10.661137,2.401650,0.718186)(-10.642044,2.455509,0.697445)(-10.078283,2.587787,0.944734)(0.156863,0.243137,0.839216)
(-10.078283,2.587787,0.944734)(-10.642044,2.455509,0.697445)(-10.075089,2.636413,0.906192)(0.156863,0.243137,0.839216)
(-10.642044,2.455509,0.697445)(-10.615850,2.504136,0.668992)(-10.075089,2.636413,0.906192)(0.156863,0.243137,0.839216)
(-10.000677,4.581422,0.000736)(-10.000986,4.449144,0.000165)(-10.071799,2.560480,0.077995)(0.156863,0.243137,0.839216)
(-10.000986,4.449144,0.000165)(-10.104565,2.428203,0.017449)(-10.071799,2.560480,0.077995)(0.156863,0.243137,0.839216)
(-10.071799,2.560480,0.077995)(-10.104565,2.428203,0.017449)(-10.142127,2.276918,0.154391)(0.156863,0.243137,0.839216)
(-10.104565,2.428203,0.017449)(-10.206987,2.144640,0.034540)(-10.142127,2.276918,0.154391)(0.156863,0.243137,0.839216)
(-10.142127,2.276918,0.154391)(-10.206987,2.144640,0.034540)(-10.210883,2.126928,0.229080)(0.156863,0.243137,0.839216)
(-10.206987,2.144640,0.034540)(-10.307121,1.994650,0.051249)(-10.210883,2.126928,0.229080)(0.156863,0.243137,0.839216)
(-10.210883,2.126928,0.229080)(-10.307121,1.994650,0.051249)(-10.277307,2.037427,0.301236)(0.156863,0.243137,0.839216)
(-10.307121,1.994650,0.051249)(-10.403858,1.905150,0.067392)(-10.277307,2.037427,0.301236)(0.156863,0.243137,0.839216)
(-10.277307,2.037427,0.301236)(-10.403858,1.905150,0.067392)(-10.340665,1.985055,0.370060)(0.156863,0.243137,0.839216)
(-10.403858,1.905150,0.067392)(-10.496128,1.852777,0.082789)(-10.340665,1.985055,0.370060)(0.156863,0.243137,0.839216)
(-10.340665,1.985055,0.370060)(-10.496128,1.852777,0.082789)(-10.400254,1.959017,0.434792)(0.156863,0.243137,0.839216)
(-10.496128,1.852777,0.082789)(-10.582912,1.826739,0.097271)(-10.400254,1.959017,0.434792)(0.156863,0.243137,0.839216)
(-10.400254,1.959017,0.434792)(-10.582912,1.826739,0.097271)(-10.455418,1.953173,0.494716)(0.156863,0.243137,0.839216)
(-10.582912,1.826739,0.097271)(-10.663249,1.820895,0.110677)(-10.455418,1.953173,0.494716)(0.156863,0.243137,0.839216)
(-10.455418,1.953173,0.494716)(-10.663249,1.820895,0.110677)(-10.505545,1.963474,0.549168)(0.156863,0.243137,0.839216)
(-10.663249,1.820895,0.110677)(-10.736252,1.831197,0.122859)(-10.505545,1.963474,0.549168)(0.156863,0.243137,0.839216)
(-10.505545,1.963474,0.549168)(-10.736252,1.831197,0.122859)(-10.550081,1.986929,0.597547)(0.156863,0.243137,0.839216)
(-10.736252,1.831197,0.122859)(-10.801112,1.854651,0.133682)(-10.550081,1.986929,0.597547)(0.156863,0.243137,0.839216)
(-10.550081,1.986929,0.597547)(-10.801112,1.854651,0.133682)(-10.588533,2.021119,0.639318)(0.156863,0.243137,0.839216)
(-10.801112,1.854651,0.133682)(-10.857113,1.888842,0.143027)(-10.588533,2.021119,0.639318)(0.156863,0.243137,0.839216)
(-10.588533,2.021119,0.639318)(-10.857113,1.888842,0.143027)(-10.620477,2.063953,0.674018)(0.156863,0.243137,0.839216)
(-10.857113,1.888842,0.143027)(-10.903634,1.931676,0.150790)(-10.620477,2.063953,0.674018)(0.156863,0.243137,0.839216)
(-10.620477,2.063953,0.674018)(-10.903634,1.931676,0.150790)(-10.645560,2.113530,0.701265)(0.156863,0.243137,0.839216)
(-10.903634,1.931676,0.150790)(-10.940163,1.981253,0.156885)(-10.645560,2.113530,0.701265)(0.156863,0.243137,0.839216)
(-10.645560,2.113530,0.701265)(-10.940163,1.981253,0.156885)(-10.663503,2.168061,0.720756)(0.156863,0.243137,0.839216)
(-10.940163,1.981253,0.156885)(-10.966294,2.035783,0.161246)(-10.663503,2.168061,0.720756)(0.156863,0.243137,0.839216)
(-10.663503,2.168061,0.720756)(-10.966294,2.035783,0.161246)(-10.674108,2.225821,0.732276)(0.156863,0.243137,0.839216)
(-10.966294,2.035783,0.161246)(-10.981739,2.093543,0.163823)(-10.674108,2.225821,0.732276)(0.156863,0.243137,0.839216)
(-10.674108,2.225821,0.732276)(-10.981739,2.093543,0.163823)(-10.677258,2.285121,0.735698)(0.156863,0.243137,0.839216)
(-10.981739,2.093543,0.163823)(-10.986327,2.152844,0.164589)(-10.677258,2.285121,0.735698)(0.156863,0.243137,0.839216)
(-10.677258,2.285121,0.735698)(-10.986327,2.152844,0.164589)(-10.672918,2.344289,0.730984)(0.156863,0.243137,0.839216)
(-10.986327,2.152844,0.164589)(-10.980007,2.212012,0.163534)(-10.672918,2.344289,0.730984)(0.156863,0.243137,0.839216)
(-10.672918,2.344289,0.730984)(-10.980007,2.212012,0.163534)(-10.661137,2.401650,0.718186)(0.156863,0.243137,0.839216)
(-10.980007,2.212012,0.163534)(-10.962849,2.269372,0.160671)(-10.661137,2.401650,0.718186)(0.156863,0.243137,0.839216)
(-10.661137,2.401650,0.718186)(-10.962849,2.269372,0.160671)(-10.642044,2.455509,0.697445)(0.156863,0.243137,0.839216)
(-10.962849,2.269372,0.160671)(-10.935043,2.323231,0.156031)(-10.642044,2.455509,0.697445)(0.156863,0.243137,0.839216)
(-10.642044,2.455509,0.697445)(-10.935043,2.323231,0.156031)(-10.615850,2.504136,0.668992)(0.156863,0.243137,0.839216)
(-10.935043,2.323231,0.156031)(-10.896896,2.371858,0.149665)(-10.615850,2.504136,0.668992)(0.156863,0.243137,0.839216)
(-10.000986,4.449144,0.000165)(-10.000879,4.316867,-0.000476)(-10.104565,2.428203,0.017449)(0.156863,0.243137,0.839216)
(-10.000879,4.316867,-0.000476)(-10.093234,2.295925,-0.050456)(-10.104565,2.428203,0.017449)(0.156863,0.243137,0.839216)
(-10.104565,2.428203,0.017449)(-10.093234,2.295925,-0.050456)(-10.206987,2.144640,0.034540)(0.156863,0.243137,0.839216)
(-10.093234,2.295925,-0.050456)(-10.184557,2.012362,-0.099877)(-10.206987,2.144640,0.034540)(0.156863,0.243137,0.839216)
(-10.206987,2.144640,0.034540)(-10.184557,2.012362,-0.099877)(-10.307121,1.994650,0.051249)(0.156863,0.243137,0.839216)
(-10.184557,2.012362,-0.099877)(-10.273839,1.862373,-0.148194)(-10.307121,1.994650,0.051249)(0.156863,0.243137,0.839216)
(-10.307121,1.994650,0.051249)(-10.273839,1.862373,-0.148194)(-10.403858,1.905150,0.067392)(0.156863,0.243137,0.839216)
(-10.273839,1.862373,-0.148194)(-10.360093,1.772872,-0.194873)(-10.403858,1.905150,0.067392)(0.156863,0.243137,0.839216)
(-10.403858,1.905150,0.067392)(-10.360093,1.772872,-0.194873)(-10.496128,1.852777,0.082789)(0.156863,0.243137,0.839216)
(-10.360093,1.772872,-0.194873)(-10.442365,1.720499,-0.239396)(-10.496128,1.852777,0.082789)(0.156863,0.243137,0.839216)
(-10.496128,1.852777,0.082789)(-10.442365,1.720499,-0.239396)(-10.582912,1.826739,0.097271)(0.156863,0.243137,0.839216)
(-10.442365,1.720499,-0.239396)(-10.519744,1.694461,-0.281272)(-10.582912,1.826739,0.097271)(0.156863,0.243137,0.839216)
(-10.582912,1.826739,0.097271)(-10.519744,1.694461,-0.281272)(-10.663249,1.820895,0.110677)(0.156863,0.243137,0.839216)
(-10.519744,1.694461,-0.281272)(-10.591376,1.688617,-0.320037)(-10.663249,1.820895,0.110677)(0.156863,0.243137,0.839216)
(-10.663249,1.820895,0.110677)(-10.591376,1.688617,-0.320037)(-10.736252,1.831197,0.122859)(0.156863,0.243137,0.839216)
(-10.591376,1.688617,-0.320037)(-10.656467,1.698919,-0.355262)(-10.736252,1.831197,0.122859)(0.156863,0.243137,0.839216)
(-10.736252,1.831197,0.122859)(-10.656467,1.698919,-0.355262)(-10.801112,1.854651,0.133682)(0.156863,0.243137,0.839216)
(-10.656467,1.698919,-0.355262)(-10.714299,1.722374,-0.386559)(-10.801112,1.854651,0.133682)(0.156863,0.243137,0.839216)
(-10.801112,1.854651,0.133682)(-10.714299,1.722374,-0.386559)(-10.857113,1.888842,0.143027)(0.156863,0.243137,0.839216)
(-10.714299,1.722374,-0.386559)(-10.764231,1.756564,-0.413581)(-10.857113,1.888842,0.143027)(0.156863,0.243137,0.839216)
(-10.857113,1.888842,0.143027)(-10.764231,1.756564,-0.413581)(-10.903634,1.931676,0.150790)(0.156863,0.243137,0.839216)
(-10.764231,1.756564,-0.413581)(-10.805712,1.799398,-0.436029)(-10.903634,1.931676,0.150790)(0.156863,0.243137,0.839216)
(-10.903634,1.931676,0.150790)(-10.805712,1.799398,-0.436029)(-10.940163,1.981253,0.156885)(0.156863,0.243137,0.839216)
(-10.805712,1.799398,-0.436029)(-10.838282,1.848975,-0.453655)(-10.940163,1.981253,0.156885)(0.156863,0.243137,0.839216)
(-10.940163,1.981253,0.156885)(-10.838282,1.848975,-0.453655)(-10.966294,2.035783,0.161246)(0.156863,0.243137,0.839216)
(-10.838282,1.848975,-0.453655)(-10.861581,1.903505,-0.466264)(-10.966294,2.035783,0.161246)(0.156863,0.243137,0.839216)
(-10.966294,2.035783,0.161246)(-10.861581,1.903505,-0.466264)(-10.981739,2.093543,0.163823)(0.156863,0.243137,0.839216)
(-10.861581,1.903505,-0.466264)(-10.875352,1.961265,-0.473717)(-10.981739,2.093543,0.163823)(0.156863,0.243137,0.839216)
(-10.981739,2.093543,0.163823)(-10.875352,1.961265,-0.473717)(-10.986327,2.152844,0.164589)(0.156863,0.243137,0.839216)
(-10.875352,1.961265,-0.473717)(-10.879443,2.020566,-0.475931)(-10.986327,2.152844,0.164589)(0.156863,0.243137,0.839216)
(-10.986327,2.152844,0.164589)(-10.879443,2.020566,-0.475931)(-10.980007,2.212012,0.163534)(0.156863,0.243137,0.839216)
(-10.879443,2.020566,-0.475931)(-10.873808,2.079734,-0.472881)(-10.980007,2.212012,0.163534)(0.156863,0.243137,0.839216)
(-10.980007,2.212012,0.163534)(-10.873808,2.079734,-0.472881)(-10.962849,2.269372,0.160671)(0.156863,0.243137,0.839216)
(-10.873808,2.079734,-0.472881)(-10.858509,2.137094,-0.464602)(-10.962849,2.269372,0.160671)(0.156863,0.243137,0.839216)
(-10.962849,2.269372,0.160671)(-10.858509,2.137094,-0.464602)(-10.935043,2.323231,0.156031)(0.156863,0.243137,0.839216)
(-10.858509,2.137094,-0.464602)(-10.833716,2.190954,-0.451185)(-10.935043,2.323231,0.156031)(0.156863,0.243137,0.839216)
(-10.935043,2.323231,0.156031)(-10.833716,2.190954,-0.451185)(-10.896896,2.371858,0.149665)(0.156863,0.243137,0.839216)
(-10.833716,2.190954,-0.451185)(-10.799703,2.239581,-0.432778)(-10.896896,2.371858,0.149665)(0.156863,0.243137,0.839216)
(-10.000879,4.316867,-0.000476)(-10.000402,4.184589,-0.000916)(-10.093234,2.295925,-0.050456)(0.156863,0.243137,0.839216)
(-10.000402,4.184589,-0.000916)(-10.042584,2.163648,-0.097082)(-10.093234,2.295925,-0.050456)(0.156863,0.243137,0.839216)
(-10.093234,2.295925,-0.050456)(-10.042584,2.163648,-0.097082)(-10.184557,2.012362,-0.099877)(0.156863,0.243137,0.839216)
(-10.042584,2.163648,-0.097082)(-10.084296,1.880085,-0.192175)(-10.184557,2.012362,-0.099877)(0.156863,0.243137,0.839216)
(-10.184557,2.012362,-0.099877)(-10.084296,1.880085,-0.192175)(-10.273839,1.862373,-0.148194)(0.156863,0.243137,0.839216)
(-10.084296,1.880085,-0.192175)(-10.125075,1.730095,-0.285142)(-10.273839,1.862373,-0.148194)(0.156863,0.243137,0.839216)
(-10.273839,1.862373,-0.148194)(-10.125075,1.730095,-0.285142)(-10.360093,1.772872,-0.194873)(0.156863,0.243137,0.839216)
(-10.125075,1.730095,-0.285142)(-10.164471,1.640594,-0.374956)(-10.360093,1.772872,-0.194873)(0.156863,0.243137,0.839216)
(-10.360093,1.772872,-0.194873)(-10.164471,1.640594,-0.374956)(-10.442365,1.720499,-0.239396)(0.156863,0.243137,0.839216)
(-10.164471,1.640594,-0.374956)(-10.202048,1.588222,-0.460623)(-10.442365,1.720499,-0.239396)(0.156863,0.243137,0.839216)
(-10.442365,1.720499,-0.239396)(-10.202048,1.588222,-0.460623)(-10.519744,1.694461,-0.281272)(0.156863,0.243137,0.839216)
(-10.202048,1.588222,-0.460623)(-10.237391,1.562184,-0.541196)(-10.519744,1.694461,-0.281272)(0.156863,0.243137,0.839216)
(-10.519744,1.694461,-0.281272)(-10.237391,1.562184,-0.541196)(-10.591376,1.688617,-0.320037)(0.156863,0.243137,0.839216)
(-10.237391,1.562184,-0.541196)(-10.270108,1.556340,-0.615784)(-10.591376,1.688617,-0.320037)(0.156863,0.243137,0.839216)
(-10.591376,1.688617,-0.320037)(-10.270108,1.556340,-0.615784)(-10.656467,1.698919,-0.355262)(0.156863,0.243137,0.839216)
(-10.270108,1.556340,-0.615784)(-10.299838,1.566641,-0.683563)(-10.656467,1.698919,-0.355262)(0.156863,0.243137,0.839216)
(-10.656467,1.698919,-0.355262)(-10.299838,1.566641,-0.683563)(-10.714299,1.722374,-0.386559)(0.156863,0.243137,0.839216)
(-10.299838,1.566641,-0.683563)(-10.326253,1.590096,-0.743781)(-10.714299,1.722374,-0.386559)(0.156863,0.243137,0.839216)
(-10.714299,1.722374,-0.386559)(-10.326253,1.590096,-0.743781)(-10.764231,1.756564,-0.413581)(0.156863,0.243137,0.839216)
(-10.326253,1.590096,-0.743781)(-10.349059,1.624287,-0.795774)(-10.764231,1.756564,-0.413581)(0.156863,0.243137,0.839216)
(-10.764231,1.756564,-0.413581)(-10.349059,1.624287,-0.795774)(-10.805712,1.799398,-0.436029)(0.156863,0.243137,0.839216)
(-10.349059,1.624287,-0.795774)(-10.368005,1.667121,-0.838967)(-10.805712,1.799398,-0.436029)(0.156863,0.243137,0.839216)
(-10.805712,1.799398,-0.436029)(-10.368005,1.667121,-0.838967)(-10.838282,1.848975,-0.453655)(0.156863,0.243137,0.839216)
(-10.368005,1.667121,-0.838967)(-10.382881,1.716698,-0.872881)(-10.838282,1.848975,-0.453655)(0.156863,0.243137,0.839216)
(-10.838282,1.848975,-0.453655)(-10.382881,1.716698,-0.872881)(-10.861581,1.903505,-0.466264)(0.156863,0.243137,0.839216)
(-10.382881,1.716698,-0.872881)(-10.393523,1.771228,-0.897142)(-10.861581,1.903505,-0.466264)(0.156863,0.243137,0.839216)
(-10.861581,1.903505,-0.466264)(-10.393523,1.771228,-0.897142)(-10.875352,1.961265,-0.473717)(0.156863,0.243137,0.839216)
(-10.393523,1.771228,-0.897142)(-10.399813,1.828988,-0.911482)(-10.875352,1.961265,-0.473717)(0.156863,0.243137,0.839216)
(-10.875352,1.961265,-0.473717)(-10.399813,1.828988,-0.911482)(-10.879443,2.020566,-0.475931)(0.156863,0.243137,0.839216)
(-10.399813,1.828988,-0.911482)(-10.401681,1.888289,-0.915741)(-10.879443,2.020566,-0.475931)(0.156863,0.243137,0.839216)
(-10.879443,2.020566,-0.475931)(-10.401681,1.888289,-0.915741)(-10.873808,2.079734,-0.472881)(0.156863,0.243137,0.839216)
(-10.401681,1.888289,-0.915741)(-10.399108,1.947457,-0.909874)(-10.873808,2.079734,-0.472881)(0.156863,0.243137,0.839216)
(-10.873808,2.079734,-0.472881)(-10.399108,1.947457,-0.909874)(-10.858509,2.137094,-0.464602)(0.156863,0.243137,0.839216)
(-10.399108,1.947457,-0.909874)(-10.392120,2.004817,-0.893943)(-10.858509,2.137094,-0.464602)(0.156863,0.243137,0.839216)
(-10.858509,2.137094,-0.464602)(-10.392120,2.004817,-0.893943)(-10.833716,2.190954,-0.451185)(0.156863,0.243137,0.839216)
(-10.392120,2.004817,-0.893943)(-10.380796,2.058676,-0.868127)(-10.833716,2.190954,-0.451185)(0.156863,0.243137,0.839216)
(-10.833716,2.190954,-0.451185)(-10.380796,2.058676,-0.868127)(-10.799703,2.239581,-0.432778)(0.156863,0.243137,0.839216)
(-10.380796,2.058676,-0.868127)(-10.365261,2.107303,-0.832710)(-10.799703,2.239581,-0.432778)(0.156863,0.243137,0.839216)
(-10.000402,4.184589,-0.000916)(-9.999755,4.052312,-0.000969)(-10.042584,2.163648,-0.097082)(0.156863,0.243137,0.839216)
(-9.999755,4.052312,-0.000969)(-9.973976,2.031370,-0.102767)(-10.042584,2.163648,-0.097082)(0.156863,0.243137,0.839216)
(-10.042584,2.163648,-0.097082)(-9.973976,2.031370,-0.102767)(-10.084296,1.880085,-0.192175)(0.156863,0.243137,0.839216)
(-9.973976,2.031370,-0.102767)(-9.948485,1.747807,-0.203428)(-10.084296,1.880085,-0.192175)(0.156863,0.243137,0.839216)
(-10.084296,1.880085,-0.192175)(-9.948485,1.747807,-0.203428)(-10.125075,1.730095,-0.285142)(0.156863,0.243137,0.839216)
(-9.948485,1.747807,-0.203428)(-9.923564,1.597817,-0.301840)(-10.125075,1.730095,-0.285142)(0.156863,0.243137,0.839216)
(-10.125075,1.730095,-0.285142)(-9.923564,1.597817,-0.301840)(-10.164471,1.640594,-0.374956)(0.156863,0.243137,0.839216)
(-9.923564,1.597817,-0.301840)(-9.899488,1.508317,-0.396913)(-10.164471,1.640594,-0.374956)(0.156863,0.243137,0.839216)
(-10.164471,1.640594,-0.374956)(-9.899488,1.508317,-0.396913)(-10.202048,1.588222,-0.460623)(0.156863,0.243137,0.839216)
(-9.899488,1.508317,-0.396913)(-9.876524,1.455944,-0.487597)(-10.202048,1.588222,-0.460623)(0.156863,0.243137,0.839216)
(-10.202048,1.588222,-0.460623)(-9.876524,1.455944,-0.487597)(-10.237391,1.562184,-0.541196)(0.156863,0.243137,0.839216)
(-9.876524,1.455944,-0.487597)(-9.854925,1.429906,-0.572888)(-10.237391,1.562184,-0.541196)(0.156863,0.243137,0.839216)
(-10.237391,1.562184,-0.541196)(-9.854925,1.429906,-0.572888)(-10.270108,1.556340,-0.615784)(0.156863,0.243137,0.839216)
(-9.854925,1.429906,-0.572888)(-9.834931,1.424062,-0.651844)(-10.270108,1.556340,-0.615784)(0.156863,0.243137,0.839216)
(-10.270108,1.556340,-0.615784)(-9.834931,1.424062,-0.651844)(-10.299838,1.566641,-0.683563)(0.156863,0.243137,0.839216)
(-9.834931,1.424062,-0.651844)(-9.816762,1.434364,-0.723591)(-10.299838,1.566641,-0.683563)(0.156863,0.243137,0.839216)
(-10.299838,1.566641,-0.683563)(-9.816762,1.434364,-0.723591)(-10.326253,1.590096,-0.743781)(0.156863,0.243137,0.839216)
(-9.816762,1.434364,-0.723591)(-9.800619,1.457819,-0.787336)(-10.326253,1.590096,-0.743781)(0.156863,0.243137,0.839216)
(-10.326253,1.590096,-0.743781)(-9.800619,1.457819,-0.787336)(-10.349059,1.624287,-0.795774)(0.156863,0.243137,0.839216)
(-9.800619,1.457819,-0.787336)(-9.786682,1.492009,-0.842374)(-10.349059,1.624287,-0.795774)(0.156863,0.243137,0.839216)
(-10.349059,1.624287,-0.795774)(-9.786682,1.492009,-0.842374)(-10.368005,1.667121,-0.838967)(0.156863,0.243137,0.839216)
(-9.786682,1.492009,-0.842374)(-9.775104,1.534843,-0.888096)(-10.368005,1.667121,-0.838967)(0.156863,0.243137,0.839216)
(-10.368005,1.667121,-0.838967)(-9.775104,1.534843,-0.888096)(-10.382881,1.716698,-0.872881)(0.156863,0.243137,0.839216)
(-9.775104,1.534843,-0.888096)(-9.766012,1.584420,-0.923996)(-10.382881,1.716698,-0.872881)(0.156863,0.243137,0.839216)
(-10.382881,1.716698,-0.872881)(-9.766012,1.584420,-0.923996)(-10.393523,1.771228,-0.897142)(0.156863,0.243137,0.839216)
(-9.766012,1.584420,-0.923996)(-9.759509,1.638950,-0.949678)(-10.393523,1.771228,-0.897142)(0.156863,0.243137,0.839216)
(-10.393523,1.771228,-0.897142)(-9.759509,1.638950,-0.949678)(-10.399813,1.828988,-0.911482)(0.156863,0.243137,0.839216)
(-9.759509,1.638950,-0.949678)(-9.755665,1.696710,-0.964857)(-10.399813,1.828988,-0.911482)(0.156863,0.243137,0.839216)
(-10.399813,1.828988,-0.911482)(-9.755665,1.696710,-0.964857)(-10.401681,1.888289,-0.915741)(0.156863,0.243137,0.839216)
(-9.755665,1.696710,-0.964857)(-9.754523,1.756011,-0.969366)(-10.401681,1.888289,-0.915741)(0.156863,0.243137,0.839216)
(-10.401681,1.888289,-0.915741)(-9.754523,1.756011,-0.969366)(-10.399108,1.947457,-0.909874)(0.156863,0.243137,0.839216)
(-9.754523,1.756011,-0.969366)(-9.756096,1.815179,-0.963155)(-10.399108,1.947457,-0.909874)(0.156863,0.243137,0.839216)
(-10.399108,1.947457,-0.909874)(-9.756096,1.815179,-0.963155)(-10.392120,2.004817,-0.893943)(0.156863,0.243137,0.839216)
(-9.756096,1.815179,-0.963155)(-9.760366,1.872539,-0.946292)(-10.392120,2.004817,-0.893943)(0.156863,0.243137,0.839216)
(-10.392120,2.004817,-0.893943)(-9.760366,1.872539,-0.946292)(-10.380796,2.058676,-0.868127)(0.156863,0.243137,0.839216)
(-9.760366,1.872539,-0.946292)(-9.767287,1.926399,-0.918964)(-10.380796,2.058676,-0.868127)(0.156863,0.243137,0.839216)
(-10.380796,2.058676,-0.868127)(-9.767287,1.926399,-0.918964)(-10.365261,2.107303,-0.832710)(0.156863,0.243137,0.839216)
(-9.767287,1.926399,-0.918964)(-9.776781,1.975026,-0.881473)(-10.365261,2.107303,-0.832710)(0.156863,0.243137,0.839216)
(-9.999755,4.052312,-0.000969)(-9.999211,3.920034,-0.000614)(-9.973976,2.031370,-0.102767)(0.156863,0.243137,0.839216)
(-9.999211,3.920034,-0.000614)(-9.916342,1.899092,-0.065113)(-9.973976,2.031370,-0.102767)(0.156863,0.243137,0.839216)
(-9.973976,2.031370,-0.102767)(-9.916342,1.899092,-0.065113)(-9.948485,1.747807,-0.203428)(0.156863,0.243137,0.839216)
(-9.916342,1.899092,-0.065113)(-9.834399,1.615530,-0.128892)(-9.948485,1.747807,-0.203428)(0.156863,0.243137,0.839216)
(-9.948485,1.747807,-0.203428)(-9.834399,1.615530,-0.128892)(-9.923564,1.597817,-0.301840)(0.156863,0.243137,0.839216)
(-9.834399,1.615530,-0.128892)(-9.754287,1.465540,-0.191246)(-9.923564,1.597817,-0.301840)(0.156863,0.243137,0.839216)
(-9.923564,1.597817,-0.301840)(-9.754287,1.465540,-0.191246)(-9.899488,1.508317,-0.396913)(0.156863,0.243137,0.839216)
(-9.754287,1.465540,-0.191246)(-9.676893,1.376039,-0.251484)(-9.899488,1.508317,-0.396913)(0.156863,0.243137,0.839216)
(-9.899488,1.508317,-0.396913)(-9.676893,1.376039,-0.251484)(-9.876524,1.455944,-0.487597)(0.156863,0.243137,0.839216)
(-9.676893,1.376039,-0.251484)(-9.603072,1.323667,-0.308942)(-9.876524,1.455944,-0.487597)(0.156863,0.243137,0.839216)
(-9.876524,1.455944,-0.487597)(-9.603072,1.323667,-0.308942)(-9.854925,1.429906,-0.572888)(0.156863,0.243137,0.839216)
(-9.603072,1.323667,-0.308942)(-9.533640,1.297629,-0.362982)(-9.854925,1.429906,-0.572888)(0.156863,0.243137,0.839216)
(-9.854925,1.429906,-0.572888)(-9.533640,1.297629,-0.362982)(-9.834931,1.424062,-0.651844)(0.156863,0.243137,0.839216)
(-9.533640,1.297629,-0.362982)(-9.469366,1.291785,-0.413009)(-9.834931,1.424062,-0.651844)(0.156863,0.243137,0.839216)
(-9.834931,1.424062,-0.651844)(-9.469366,1.291785,-0.413009)(-9.816762,1.434364,-0.723591)(0.156863,0.243137,0.839216)
(-9.469366,1.291785,-0.413009)(-9.410960,1.302086,-0.458468)(-9.816762,1.434364,-0.723591)(0.156863,0.243137,0.839216)
(-9.816762,1.434364,-0.723591)(-9.410960,1.302086,-0.458468)(-9.800619,1.457819,-0.787336)(0.156863,0.243137,0.839216)
(-9.410960,1.302086,-0.458468)(-9.359069,1.325541,-0.498857)(-9.800619,1.457819,-0.787336)(0.156863,0.243137,0.839216)
(-9.800619,1.457819,-0.787336)(-9.359069,1.325541,-0.498857)(-9.786682,1.492009,-0.842374)(0.156863,0.243137,0.839216)
(-9.359069,1.325541,-0.498857)(-9.314265,1.359731,-0.533729)(-9.786682,1.492009,-0.842374)(0.156863,0.243137,0.839216)
(-9.786682,1.492009,-0.842374)(-9.314265,1.359731,-0.533729)(-9.775104,1.534843,-0.888096)(0.156863,0.243137,0.839216)
(-9.314265,1.359731,-0.533729)(-9.277045,1.402566,-0.562698)(-9.775104,1.534843,-0.888096)(0.156863,0.243137,0.839216)
(-9.775104,1.534843,-0.888096)(-9.277045,1.402566,-0.562698)(-9.766012,1.584420,-0.923996)(0.156863,0.243137,0.839216)
(-9.277045,1.402566,-0.562698)(-9.247821,1.452142,-0.585445)(-9.766012,1.584420,-0.923996)(0.156863,0.243137,0.839216)
(-9.766012,1.584420,-0.923996)(-9.247821,1.452142,-0.585445)(-9.759509,1.638950,-0.949678)(0.156863,0.243137,0.839216)
(-9.247821,1.452142,-0.585445)(-9.226914,1.506673,-0.601717)(-9.759509,1.638950,-0.949678)(0.156863,0.243137,0.839216)
(-9.759509,1.638950,-0.949678)(-9.226914,1.506673,-0.601717)(-9.755665,1.696710,-0.964857)(0.156863,0.243137,0.839216)
(-9.226914,1.506673,-0.601717)(-9.214558,1.564433,-0.611334)(-9.755665,1.696710,-0.964857)(0.156863,0.243137,0.839216)
(-9.755665,1.696710,-0.964857)(-9.214558,1.564433,-0.611334)(-9.754523,1.756011,-0.969366)(0.156863,0.243137,0.839216)
(-9.214558,1.564433,-0.611334)(-9.210887,1.623734,-0.614191)(-9.754523,1.756011,-0.969366)(0.156863,0.243137,0.839216)
(-9.754523,1.756011,-0.969366)(-9.210887,1.623734,-0.614191)(-9.756096,1.815179,-0.963155)(0.156863,0.243137,0.839216)
(-9.210887,1.623734,-0.614191)(-9.215943,1.682901,-0.610256)(-9.756096,1.815179,-0.963155)(0.156863,0.243137,0.839216)
(-9.756096,1.815179,-0.963155)(-9.215943,1.682901,-0.610256)(-9.760366,1.872539,-0.946292)(0.156863,0.243137,0.839216)
(-9.215943,1.682901,-0.610256)(-9.229671,1.740262,-0.599571)(-9.760366,1.872539,-0.946292)(0.156863,0.243137,0.839216)
(-9.760366,1.872539,-0.946292)(-9.229671,1.740262,-0.599571)(-9.767287,1.926399,-0.918964)(0.156863,0.243137,0.839216)
(-9.229671,1.740262,-0.599571)(-9.251917,1.794121,-0.582256)(-9.767287,1.926399,-0.918964)(0.156863,0.243137,0.839216)
(-9.767287,1.926399,-0.918964)(-9.251917,1.794121,-0.582256)(-9.776781,1.975026,-0.881473)(0.156863,0.243137,0.839216)
(-9.251917,1.794121,-0.582256)(-9.282437,1.842748,-0.558502)(-9.776781,1.975026,-0.881473)(0.156863,0.243137,0.839216)
(-9.999211,3.920034,-0.000614)(-9.999000,3.787756,-0.000000)(-9.916342,1.899092,-0.065113)(0.156863,0.243137,0.839216)
(-9.999000,3.787756,-0.000000)(-9.893989,1.766815,-0.000000)(-9.916342,1.899092,-0.065113)(0.156863,0.243137,0.839216)
(-9.916342,1.899092,-0.065113)(-9.893989,1.766815,-0.000000)(-9.834399,1.615530,-0.128892)(0.156863,0.243137,0.839216)
(-9.893989,1.766815,-0.000000)(-9.790150,1.483252,-0.000000)(-9.834399,1.615530,-0.128892)(0.156863,0.243137,0.839216)
(-9.834399,1.615530,-0.128892)(-9.790150,1.483252,-0.000000)(-9.754287,1.465540,-0.191246)(0.156863,0.243137,0.839216)
(-9.790150,1.483252,-0.000000)(-9.688633,1.333262,-0.000000)(-9.754287,1.465540,-0.191246)(0.156863,0.243137,0.839216)
(-9.754287,1.465540,-0.191246)(-9.688633,1.333262,-0.000000)(-9.676893,1.376039,-0.251484)(0.156863,0.243137,0.839216)
(-9.688633,1.333262,-0.000000)(-9.590558,1.243762,-0.000000)(-9.676893,1.376039,-0.251484)(0.156863,0.243137,0.839216)
(-9.676893,1.376039,-0.251484)(-9.590558,1.243762,-0.000000)(-9.603072,1.323667,-0.308942)(0.156863,0.243137,0.839216)
(-9.590558,1.243762,-0.000000)(-9.497012,1.191389,-0.000000)(-9.603072,1.323667,-0.308942)(0.156863,0.243137,0.839216)
(-9.603072,1.323667,-0.308942)(-9.497012,1.191389,-0.000000)(-9.533640,1.297629,-0.362982)(0.156863,0.243137,0.839216)
(-9.497012,1.191389,-0.000000)(-9.409028,1.165351,-0.000000)(-9.533640,1.297629,-0.362982)(0.156863,0.243137,0.839216)
(-9.533640,1.297629,-0.362982)(-9.409028,1.165351,-0.000000)(-9.469366,1.291785,-0.413009)(0.156863,0.243137,0.839216)
(-9.409028,1.165351,-0.000000)(-9.327580,1.159507,-0.000000)(-9.469366,1.291785,-0.413009)(0.156863,0.243137,0.839216)
(-9.469366,1.291785,-0.413009)(-9.327580,1.159507,-0.000000)(-9.410960,1.302086,-0.458468)(0.156863,0.243137,0.839216)
(-9.327580,1.159507,-0.000000)(-9.253568,1.169809,-0.000000)(-9.410960,1.302086,-0.458468)(0.156863,0.243137,0.839216)
(-9.410960,1.302086,-0.458468)(-9.253568,1.169809,-0.000000)(-9.359069,1.325541,-0.498857)(0.156863,0.243137,0.839216)
(-9.253568,1.169809,-0.000000)(-9.187811,1.193264,-0.000000)(-9.359069,1.325541,-0.498857)(0.156863,0.243137,0.839216)
(-9.359069,1.325541,-0.498857)(-9.187811,1.193264,-0.000000)(-9.314265,1.359731,-0.533729)(0.156863,0.243137,0.839216)
(-9.187811,1.193264,-0.000000)(-9.131036,1.227454,-0.000000)(-9.314265,1.359731,-0.533729)(0.156863,0.243137,0.839216)
(-9.314265,1.359731,-0.533729)(-9.131036,1.227454,-0.000000)(-9.277045,1.402566,-0.562698)(0.156863,0.243137,0.839216)
(-9.131036,1.227454,-0.000000)(-9.083871,1.270288,-0.000000)(-9.277045,1.402566,-0.562698)(0.156863,0.243137,0.839216)
(-9.277045,1.402566,-0.562698)(-9.083871,1.270288,-0.000000)(-9.247821,1.452142,-0.585445)(0.156863,0.243137,0.839216)
(-9.083871,1.270288,-0.000000)(-9.046837,1.319865,-0.000000)(-9.247821,1.452142,-0.585445)(0.156863,0.243137,0.839216)
(-9.247821,1.452142,-0.585445)(-9.046837,1.319865,-0.000000)(-9.226914,1.506673,-0.601717)(0.156863,0.243137,0.839216)
(-9.046837,1.319865,-0.000000)(-9.020345,1.374395,-0.000000)(-9.226914,1.506673,-0.601717)(0.156863,0.243137,0.839216)
(-9.226914,1.506673,-0.601717)(-9.020345,1.374395,-0.000000)(-9.214558,1.564433,-0.611334)(0.156863,0.243137,0.839216)
(-9.020345,1.374395,-0.000000)(-9.004686,1.432155,-0.000000)(-9.214558,1.564433,-0.611334)(0.156863,0.243137,0.839216)
(-9.214558,1.564433,-0.611334)(-9.004686,1.432155,-0.000000)(-9.210887,1.623734,-0.614191)(0.156863,0.243137,0.839216)
(-9.004686,1.432155,-0.000000)(-9.000035,1.491456,-0.000000)(-9.210887,1.623734,-0.614191)(0.156863,0.243137,0.839216)
(-9.210887,1.623734,-0.614191)(-9.000035,1.491456,-0.000000)(-9.215943,1.682901,-0.610256)(0.156863,0.243137,0.839216)
(-9.000035,1.491456,-0.000000)(-9.006442,1.550624,-0.000000)(-9.215943,1.682901,-0.610256)(0.156863,0.243137,0.839216)
(-9.215943,1.682901,-0.610256)(-9.006442,1.550624,-0.000000)(-9.229671,1.740262,-0.599571)(0.156863,0.243137,0.839216)
(-9.006442,1.550624,-0.000000)(-9.023838,1.607984,-0.000000)(-9.229671,1.740262,-0.599571)(0.156863,0.243137,0.839216)
(-9.229671,1.740262,-0.599571)(-9.023838,1.607984,-0.000000)(-9.251917,1.794121,-0.582256)(0.156863,0.243137,0.839216)
(-9.023838,1.607984,-0.000000)(-9.052028,1.661844,-0.000000)(-9.251917,1.794121,-0.582256)(0.156863,0.243137,0.839216)
(-9.251917,1.794121,-0.582256)(-9.052028,1.661844,-0.000000)(-9.282437,1.842748,-0.558502)(0.156863,0.243137,0.839216)
(-9.052028,1.661844,-0.000000)(-9.090703,1.710470,-0.000000)(-9.282437,1.842748,-0.558502)(0.156863,0.243137,0.839216)

