points: edge20
(0.000000,1.000000,0.000000)
points: edge21
(0.198669,0.980067,0.200000)
points: edge22
(0.389418,0.921061,0.400000)
points: edge23
(0.564642,0.825336,0.600000)
points: edge24
(0.717356,0.696707,0.800000)
points: edge25
(0.841471,0.540302,1.000000)
points: edge26
(0.932039,0.362358,1.200000)
points: edge27
(0.985450,0.169967,1.400000)
points: edge28
(0.999574,-0.029200,1.600000)
points: edge29
(0.973848,-0.227202,1.800000)
points: edge210
(0.909297,-0.416147,2.000000)
points: edge211
(0.808496,-0.588501,2.200000)
points: edge212
(0.675463,-0.737394,2.400000)
points: edge213
(0.515501,-0.856889,2.600000)
points: edge214
(0.334988,-0.942222,2.800000)
points: edge215
(0.141120,-0.989992,3.000000)
points: edge216
(-0.058374,-0.998295,3.200000)
points: edge217
(-0.255541,-0.966798,3.400000)
points: edge218
(-0.442520,-0.896758,3.600000)
points: edge219
(-0.611858,-0.790968,3.800000)
points: edge220
(-0.756802,-0.653644,4.000000)
points: edge221
(-0.871576,-0.490261,4.200000)
points: edge222
(-0.951602,-0.307333,4.400000)
points: edge223
(-0.993691,-0.112153,4.600000)
points: edge224
(-0.996165,0.087499,4.800000)
points: edge225
(-0.958924,0.283662,5.000000)
points: edge226
(-0.883455,0.468517,5.200000)
points: edge227
(-0.772764,0.634693,5.400000)
points: edge228
(-0.631267,0.775566,5.600000)
points: edge229
(-0.464602,0.885520,5.800000)
points: edge230
(-0.279415,0.960170,6.000000)
points: edge231
(-0.083089,0.996542,6.200000)
points: edge232
(0.116549,0.993185,6.400000)
points: edge233
(0.311541,0.950233,6.600000)
points: edge234
(0.494113,0.869397,6.800000)
points: edge235
(0.656987,0.753902,7.000000)
points: edge236
(0.793668,0.608351,7.200000)
points: edge237
(0.898708,0.438547,7.400000)
points: edge238
(0.967920,0.251260,7.600000)
points: edge239
(0.998543,0.053955,7.800000)
points: edge240
(0.989358,-0.145500,8.000000)
points: edge241
(0.940731,-0.339155,8.200000)
points: edge242
(0.854599,-0.519289,8.400000)
points: edge243
(0.734397,-0.678720,8.600000)
points: edge244
(0.584917,-0.811093,8.800000)
points: edge245
(0.412118,-0.911130,9.000000)
points: edge246
(0.222890,-0.974844,9.200000)
points: edge247
(0.024775,-0.999693,9.400000)
points: edge248
(-0.174327,-0.984688,9.600000)
points: edge249
(-0.366479,-0.930426,9.800000)
lines: vector0.lines
(0.000000,1.000000,0.000000)(0.198669,0.980067,0.200000)(1.000000,0.000000,0.000000)

lines: vector1.lines
(0.198669,0.980067,0.200000)(0.389418,0.921061,0.400000)(1.000000,0.000000,0.000000)

lines: vector2.lines
(0.389418,0.921061,0.400000)(0.564642,0.825336,0.600000)(1.000000,0.000000,0.000000)

lines: vector3.lines
(0.564642,0.825336,0.600000)(0.717356,0.696707,0.800000)(1.000000,0.000000,0.000000)

lines: vector4.lines
(0.717356,0.696707,0.800000)(0.841471,0.540302,1.000000)(1.000000,0.000000,0.000000)

lines: vector5.lines
(0.841471,0.540302,1.000000)(0.932039,0.362358,1.200000)(1.000000,0.000000,0.000000)

lines: vector6.lines
(0.932039,0.362358,1.200000)(0.985450,0.169967,1.400000)(1.000000,0.000000,0.000000)

lines: vector7.lines
(0.985450,0.169967,1.400000)(0.999574,-0.029200,1.600000)(1.000000,0.000000,0.000000)

lines: vector8.lines
(0.999574,-0.029200,1.600000)(0.973848,-0.227202,1.800000)(1.000000,0.000000,0.000000)

lines: vector9.lines
(0.973848,-0.227202,1.800000)(0.909297,-0.416147,2.000000)(1.000000,0.000000,0.000000)

lines: vector10.lines
(0.909297,-0.416147,2.000000)(0.808496,-0.588501,2.200000)(1.000000,0.000000,0.000000)

lines: vector11.lines
(0.808496,-0.588501,2.200000)(0.675463,-0.737394,2.400000)(1.000000,0.000000,0.000000)

lines: vector12.lines
(0.675463,-0.737394,2.400000)(0.515501,-0.856889,2.600000)(1.000000,0.000000,0.000000)

lines: vector13.lines
(0.515501,-0.856889,2.600000)(0.334988,-0.942222,2.800000)(1.000000,0.000000,0.000000)

lines: vector14.lines
(0.334988,-0.942222,2.800000)(0.141120,-0.989992,3.000000)(1.000000,0.000000,0.000000)

lines: vector15.lines
(0.141120,-0.989992,3.000000)(-0.058374,-0.998295,3.200000)(1.000000,0.000000,0.000000)

lines: vector16.lines
(-0.058374,-0.998295,3.200000)(-0.255541,-0.966798,3.400000)(1.000000,0.000000,0.000000)

lines: vector17.lines
(-0.255541,-0.966798,3.400000)(-0.442520,-0.896758,3.600000)(1.000000,0.000000,0.000000)

lines: vector18.lines
(-0.442520,-0.896758,3.600000)(-0.611858,-0.790968,3.800000)(1.000000,0.000000,0.000000)

lines: vector19.lines
(-0.611858,-0.790968,3.800000)(-0.756802,-0.653644,4.000000)(1.000000,0.000000,0.000000)

lines: vector20.lines
(-0.756802,-0.653644,4.000000)(-0.871576,-0.490261,4.200000)(1.000000,0.000000,0.000000)

lines: vector21.lines
(-0.871576,-0.490261,4.200000)(-0.951602,-0.307333,4.400000)(1.000000,0.000000,0.000000)

lines: vector22.lines
(-0.951602,-0.307333,4.400000)(-0.993691,-0.112153,4.600000)(1.000000,0.000000,0.000000)

lines: vector23.lines
(-0.993691,-0.112153,4.600000)(-0.996165,0.087499,4.800000)(1.000000,0.000000,0.000000)

lines: vector24.lines
(-0.996165,0.087499,4.800000)(-0.958924,0.283662,5.000000)(1.000000,0.000000,0.000000)

lines: vector25.lines
(-0.958924,0.283662,5.000000)(-0.883455,0.468517,5.200000)(1.000000,0.000000,0.000000)

lines: vector26.lines
(-0.883455,0.468517,5.200000)(-0.772764,0.634693,5.400000)(1.000000,0.000000,0.000000)

lines: vector27.lines
(-0.772764,0.634693,5.400000)(-0.631267,0.775566,5.600000)(1.000000,0.000000,0.000000)

lines: vector28.lines
(-0.631267,0.775566,5.600000)(-0.464602,0.885520,5.800000)(1.000000,0.000000,0.000000)

lines: vector29.lines
(-0.464602,0.885520,5.800000)(-0.279415,0.960170,6.000000)(1.000000,0.000000,0.000000)

lines: vector30.lines
(-0.279415,0.960170,6.000000)(-0.083089,0.996542,6.200000)(1.000000,0.000000,0.000000)

lines: vector31.lines
(-0.083089,0.996542,6.200000)(0.116549,0.993185,6.400000)(1.000000,0.000000,0.000000)

lines: vector32.lines
(0.116549,0.993185,6.400000)(0.311541,0.950233,6.600000)(1.000000,0.000000,0.000000)

lines: vector33.lines
(0.311541,0.950233,6.600000)(0.494113,0.869397,6.800000)(1.000000,0.000000,0.000000)

lines: vector34.lines
(0.494113,0.869397,6.800000)(0.656987,0.753902,7.000000)(1.000000,0.000000,0.000000)

lines: vector35.lines
(0.656987,0.753902,7.000000)(0.793668,0.608351,7.200000)(1.000000,0.000000,0.000000)

lines: vector36.lines
(0.793668,0.608351,7.200000)(0.898708,0.438547,7.400000)(1.000000,0.000000,0.000000)

lines: vector37.lines
(0.898708,0.438547,7.400000)(0.967920,0.251260,7.600000)(1.000000,0.000000,0.000000)

lines: vector38.lines
(0.967920,0.251260,7.600000)(0.998543,0.053955,7.800000)(1.000000,0.000000,0.000000)

lines: vector39.lines
(0.998543,0.053955,7.800000)(0.989358,-0.145500,8.000000)(1.000000,0.000000,0.000000)

lines: vector40.lines
(0.989358,-0.145500,8.000000)(0.940731,-0.339155,8.200000)(1.000000,0.000000,0.000000)

lines: vector41.lines
(0.940731,-0.339155,8.200000)(0.854599,-0.519289,8.400000)(1.000000,0.000000,0.000000)

lines: vector42.lines
(0.854599,-0.519289,8.400000)(0.734397,-0.678720,8.600000)(1.000000,0.000000,0.000000)

lines: vector43.lines
(0.734397,-0.678720,8.600000)(0.584917,-0.811093,8.800000)(1.000000,0.000000,0.000000)

lines: vector44.lines
(0.584917,-0.811093,8.800000)(0.412118,-0.911130,9.000000)(1.000000,0.000000,0.000000)

lines: vector45.lines
(0.412118,-0.911130,9.000000)(0.222890,-0.974844,9.200000)(1.000000,0.000000,0.000000)

lines: vector46.lines
(0.222890,-0.974844,9.200000)(0.024775,-0.999693,9.400000)(1.000000,0.000000,0.000000)

lines: vector47.lines
(0.024775,-0.999693,9.400000)(-0.174327,-0.984688,9.600000)(1.000000,0.000000,0.000000)

lines: vector48.lines
(-0.174327,-0.984688,9.600000)(-0.366479,-0.930426,9.800000)(1.000000,0.000000,0.000000)


