points: edge30
(5.000000,0.000000,0.000000)
points: edge31
(4.960574,0.626666,0.000000)
points: edge32
(4.842916,1.243449,0.000000)
points: edge33
(4.648882,1.840623,0.000000)
points: edge34
(4.381533,2.408768,0.000000)
points: edge35
(4.045085,2.938926,0.000000)
points: edge36
(3.644843,3.422736,0.000000)
points: edge37
(3.187120,3.852566,0.000000)
points: edge38
(2.679134,4.221640,0.000000)
points: edge39
(2.128896,4.524135,0.000000)
points: edge310
(1.545085,4.755283,0.000000)
points: edge311
(0.936907,4.911436,0.000000)
points: edge312
(0.313953,4.990134,0.000000)
points: edge313
(-0.313953,4.990134,0.000000)
points: edge314
(-0.936907,4.911436,0.000000)
points: edge315
(-1.545085,4.755283,0.000000)
points: edge316
(-2.128896,4.524135,0.000000)
points: edge317
(-2.679134,4.221640,0.000000)
points: edge318
(-3.187120,3.852566,0.000000)
points: edge319
(-3.644843,3.422736,0.000000)
points: edge320
(-4.045085,2.938926,0.000000)
points: edge321
(-4.381533,2.408768,0.000000)
points: edge322
(-4.648882,1.840623,0.000000)
points: edge323
(-4.842916,1.243449,0.000000)
points: edge324
(-4.960574,0.626666,0.000000)
points: edge325
(-5.000000,-0.000000,0.000000)
points: edge326
(-4.960574,-0.626666,0.000000)
points: edge327
(-4.842916,-1.243449,0.000000)
points: edge328
(-4.648882,-1.840623,0.000000)
points: edge329
(-4.381533,-2.408768,0.000000)
points: edge330
(-4.045085,-2.938926,0.000000)
points: edge331
(-3.644843,-3.422736,0.000000)
points: edge332
(-3.187120,-3.852566,0.000000)
points: edge333
(-2.679134,-4.221640,0.000000)
points: edge334
(-2.128896,-4.524135,0.000000)
points: edge335
(-1.545085,-4.755283,0.000000)
points: edge336
(-0.936907,-4.911436,0.000000)
points: edge337
(-0.313953,-4.990134,0.000000)
points: edge338
(0.313953,-4.990134,0.000000)
points: edge339
(0.936907,-4.911436,0.000000)
points: edge340
(1.545085,-4.755283,0.000000)
points: edge341
(2.128896,-4.524135,0.000000)
points: edge342
(2.679134,-4.221640,0.000000)
points: edge343
(3.187120,-3.852566,0.000000)
points: edge344
(3.644843,-3.422736,0.000000)
points: edge345
(4.045085,-2.938926,0.000000)
points: edge346
(4.381533,-2.408768,0.000000)
points: edge347
(4.648882,-1.840623,0.000000)
points: edge348
(4.842916,-1.243449,0.000000)
points: edge349
(4.960574,-0.626666,0.000000)
lines: vector0.lines
(5.000000,0.000000,0.000000)(4.960574,0.626666,0.000000)(0.000000,0.968628,1.000000)

lines: vector1.lines
(4.960574,0.626666,0.000000)(4.842916,1.243449,0.000000)(0.000000,0.968628,1.000000)

lines: vector2.lines
(4.842916,1.243449,0.000000)(4.648882,1.840623,0.000000)(0.000000,0.968628,1.000000)

lines: vector3.lines
(4.648882,1.840623,0.000000)(4.381533,2.408768,0.000000)(0.000000,0.968628,1.000000)

lines: vector4.lines
(4.381533,2.408768,0.000000)(4.045085,2.938926,0.000000)(0.000000,0.968628,1.000000)

lines: vector5.lines
(4.045085,2.938926,0.000000)(3.644843,3.422736,0.000000)(0.000000,0.968628,1.000000)

lines: vector6.lines
(3.644843,3.422736,0.000000)(3.187120,3.852566,0.000000)(0.000000,0.968628,1.000000)

lines: vector7.lines
(3.187120,3.852566,0.000000)(2.679134,4.221640,0.000000)(0.000000,0.968628,1.000000)

lines: vector8.lines
(2.679134,4.221640,0.000000)(2.128896,4.524135,0.000000)(0.000000,0.968628,1.000000)

lines: vector9.lines
(2.128896,4.524135,0.000000)(1.545085,4.755283,0.000000)(0.000000,0.968628,1.000000)

lines: vector10.lines
(1.545085,4.755283,0.000000)(0.936907,4.911436,0.000000)(0.000000,0.968628,1.000000)

lines: vector11.lines
(0.936907,4.911436,0.000000)(0.313953,4.990134,0.000000)(0.000000,0.968628,1.000000)

lines: vector12.lines
(0.313953,4.990134,0.000000)(-0.313953,4.990134,0.000000)(0.000000,0.968628,1.000000)

lines: vector13.lines
(-0.313953,4.990134,0.000000)(-0.936907,4.911436,0.000000)(0.000000,0.968628,1.000000)

lines: vector14.lines
(-0.936907,4.911436,0.000000)(-1.545085,4.755283,0.000000)(0.000000,0.968628,1.000000)

lines: vector15.lines
(-1.545085,4.755283,0.000000)(-2.128896,4.524135,0.000000)(0.000000,0.968628,1.000000)

lines: vector16.lines
(-2.128896,4.524135,0.000000)(-2.679134,4.221640,0.000000)(0.000000,0.968628,1.000000)

lines: vector17.lines
(-2.679134,4.221640,0.000000)(-3.187120,3.852566,0.000000)(0.000000,0.968628,1.000000)

lines: vector18.lines
(-3.187120,3.852566,0.000000)(-3.644843,3.422736,0.000000)(0.000000,0.968628,1.000000)

lines: vector19.lines
(-3.644843,3.422736,0.000000)(-4.045085,2.938926,0.000000)(0.000000,0.968628,1.000000)

lines: vector20.lines
(-4.045085,2.938926,0.000000)(-4.381533,2.408768,0.000000)(0.000000,0.968628,1.000000)

lines: vector21.lines
(-4.381533,2.408768,0.000000)(-4.648882,1.840623,0.000000)(0.000000,0.968628,1.000000)

lines: vector22.lines
(-4.648882,1.840623,0.000000)(-4.842916,1.243449,0.000000)(0.000000,0.968628,1.000000)

lines: vector23.lines
(-4.842916,1.243449,0.000000)(-4.960574,0.626666,0.000000)(0.000000,0.968628,1.000000)

lines: vector24.lines
(-4.960574,0.626666,0.000000)(-5.000000,-0.000000,0.000000)(0.000000,0.968628,1.000000)

lines: vector25.lines
(-5.000000,-0.000000,0.000000)(-4.960574,-0.626666,0.000000)(0.000000,0.968628,1.000000)

lines: vector26.lines
(-4.960574,-0.626666,0.000000)(-4.842916,-1.243449,0.000000)(0.000000,0.968628,1.000000)

lines: vector27.lines
(-4.842916,-1.243449,0.000000)(-4.648882,-1.840623,0.000000)(0.000000,0.968628,1.000000)

lines: vector28.lines
(-4.648882,-1.840623,0.000000)(-4.381533,-2.408768,0.000000)(0.000000,0.968628,1.000000)

lines: vector29.lines
(-4.381533,-2.408768,0.000000)(-4.045085,-2.938926,0.000000)(0.000000,0.968628,1.000000)

lines: vector30.lines
(-4.045085,-2.938926,0.000000)(-3.644843,-3.422736,0.000000)(0.000000,0.968628,1.000000)

lines: vector31.lines
(-3.644843,-3.422736,0.000000)(-3.187120,-3.852566,0.000000)(0.000000,0.968628,1.000000)

lines: vector32.lines
(-3.187120,-3.852566,0.000000)(-2.679134,-4.221640,0.000000)(0.000000,0.968628,1.000000)

lines: vector33.lines
(-2.679134,-4.221640,0.000000)(-2.128896,-4.524135,0.000000)(0.000000,0.968628,1.000000)

lines: vector34.lines
(-2.128896,-4.524135,0.000000)(-1.545085,-4.755283,0.000000)(0.000000,0.968628,1.000000)

lines: vector35.lines
(-1.545085,-4.755283,0.000000)(-0.936907,-4.911436,0.000000)(0.000000,0.968628,1.000000)

lines: vector36.lines
(-0.936907,-4.911436,0.000000)(-0.313953,-4.990134,0.000000)(0.000000,0.968628,1.000000)

lines: vector37.lines
(-0.313953,-4.990134,0.000000)(0.313953,-4.990134,0.000000)(0.000000,0.968628,1.000000)

lines: vector38.lines
(0.313953,-4.990134,0.000000)(0.936907,-4.911436,0.000000)(0.000000,0.968628,1.000000)

lines: vector39.lines
(0.936907,-4.911436,0.000000)(1.545085,-4.755283,0.000000)(0.000000,0.968628,1.000000)

lines: vector40.lines
(1.545085,-4.755283,0.000000)(2.128896,-4.524135,0.000000)(0.000000,0.968628,1.000000)

lines: vector41.lines
(2.128896,-4.524135,0.000000)(2.679134,-4.221640,0.000000)(0.000000,0.968628,1.000000)

lines: vector42.lines
(2.679134,-4.221640,0.000000)(3.187120,-3.852566,0.000000)(0.000000,0.968628,1.000000)

lines: vector43.lines
(3.187120,-3.852566,0.000000)(3.644843,-3.422736,0.000000)(0.000000,0.968628,1.000000)

lines: vector44.lines
(3.644843,-3.422736,0.000000)(4.045085,-2.938926,0.000000)(0.000000,0.968628,1.000000)

lines: vector45.lines
(4.045085,-2.938926,0.000000)(4.381533,-2.408768,0.000000)(0.000000,0.968628,1.000000)

lines: vector46.lines
(4.381533,-2.408768,0.000000)(4.648882,-1.840623,0.000000)(0.000000,0.968628,1.000000)

lines: vector47.lines
(4.648882,-1.840623,0.000000)(4.842916,-1.243449,0.000000)(0.000000,0.968628,1.000000)

lines: vector48.lines
(4.842916,-1.243449,0.000000)(4.960574,-0.626666,0.000000)(0.000000,0.968628,1.000000)


