points: sphere
(-1.000000,-0.000000,-0.000000)
(-0.766044,-0.000000,-0.642788)
(-0.173648,-0.000000,-0.984808)
(0.500000,0.000000,-0.866025)
(0.939693,0.000000,-0.342020)
(0.939693,0.000000,0.342020)
(0.500000,0.000000,0.866025)
(-0.173648,-0.000000,0.984808)
(-0.766044,-0.000000,0.642788)
(-1.000000,-0.000000,0.000000)
(-0.173648,-0.984808,-0.000000)
(-0.133022,-0.754407,-0.642788)
(-0.030154,-0.171010,-0.984808)
(0.086824,0.492404,-0.866025)
(0.163176,0.925417,-0.342020)
(0.163176,0.925417,0.342020)
(0.086824,0.492404,0.866025)
(-0.030154,-0.171010,0.984808)
(-0.133022,-0.754407,0.642788)
(-0.173648,-0.984808,0.000000)
(0.939693,-0.342020,-0.000000)
(0.719846,-0.262003,-0.642788)
(0.163176,-0.059391,-0.984808)
(-0.469846,0.171010,-0.866025)
(-0.883022,0.321394,-0.342020)
(-0.883022,0.321394,0.342020)
(-0.469846,0.171010,0.866025)
(0.163176,-0.059391,0.984808)
(0.719846,-0.262003,0.642788)
(0.939693,-0.342020,0.000000)
(0.500000,0.866025,-0.000000)
(0.383022,0.663414,-0.642788)
(0.086824,0.150384,-0.984808)
(-0.250000,-0.433013,-0.866025)
(-0.469846,-0.813798,-0.342020)
(-0.469846,-0.813798,0.342020)
(-0.250000,-0.433013,0.866025)
(0.086824,0.150384,0.984808)
(0.383022,0.663414,0.642788)
(0.500000,0.866025,0.000000)
(-0.766044,0.642788,-0.000000)
(-0.586824,0.492404,-0.642788)
(-0.133022,0.111619,-0.984808)
(0.383022,-0.321394,-0.866025)
(0.719846,-0.604023,-0.342020)
(0.719846,-0.604023,0.342020)
(0.383022,-0.321394,0.866025)
(-0.133022,0.111619,0.984808)
(-0.586824,0.492404,0.642788)
(-0.766044,0.642788,0.000000)
(-0.766044,-0.642788,-0.000000)
(-0.586824,-0.492404,-0.642788)
(-0.133022,-0.111619,-0.984808)
(0.383022,0.321394,-0.866025)
(0.719846,0.604023,-0.342020)
(0.719846,0.604023,0.342020)
(0.383022,0.321394,0.866025)
(-0.133022,-0.111619,0.984808)
(-0.586824,-0.492404,0.642788)
(-0.766044,-0.642788,0.000000)
(0.500000,-0.866025,-0.000000)
(0.383022,-0.663414,-0.642788)
(0.086824,-0.150384,-0.984808)
(-0.250000,0.433013,-0.866025)
(-0.469846,0.813798,-0.342020)
(-0.469846,0.813798,0.342020)
(-0.250000,0.433013,0.866025)
(0.086824,-0.150384,0.984808)
(0.383022,-0.663414,0.642788)
(0.500000,-0.866025,0.000000)
(0.939693,0.342020,-0.000000)
(0.719846,0.262003,-0.642788)
(0.163176,0.059391,-0.984808)
(-0.469846,-0.171010,-0.866025)
(-0.883022,-0.321394,-0.342020)
(-0.883022,-0.321394,0.342020)
(-0.469846,-0.171010,0.866025)
(0.163176,0.059391,0.984808)
(0.719846,0.262003,0.642788)
(0.939693,0.342020,0.000000)
(-0.173648,0.984808,-0.000000)
(-0.133022,0.754407,-0.642788)
(-0.030154,0.171010,-0.984808)
(0.086824,-0.492404,-0.866025)
(0.163176,-0.925417,-0.342020)
(0.163176,-0.925417,0.342020)
(0.086824,-0.492404,0.866025)
(-0.030154,0.171010,0.984808)
(-0.133022,0.754407,0.642788)
(-0.173648,0.984808,0.000000)
(-1.000000,0.000000,-0.000000)
(-0.766044,0.000000,-0.642788)
(-0.173648,0.000000,-0.984808)
(0.500000,-0.000000,-0.866025)
(0.939693,-0.000000,-0.342020)
(0.939693,-0.000000,0.342020)
(0.500000,-0.000000,0.866025)
(-0.173648,0.000000,0.984808)
(-0.766044,0.000000,0.642788)
(-1.000000,0.000000,0.000000)
lines: sphere.lines
(-1.000000,-0.000000,-0.000000)(-0.173648,-0.984808,-0.000000)(1.000000,0.000000,0.000000)
(-1.000000,-0.000000,-0.000000)(-0.766044,-0.000000,-0.642788)(1.000000,0.000000,0.000000)
(-0.766044,-0.000000,-0.642788)(-0.133022,-0.754407,-0.642788)(1.000000,0.000000,0.000000)
(-0.766044,-0.000000,-0.642788)(-0.173648,-0.000000,-0.984808)(1.000000,0.000000,0.000000)
(-0.766044,-0.000000,-0.642788)(-0.173648,-0.984808,-0.000000)(1.000000,0.000000,0.000000)
(-0.173648,-0.000000,-0.984808)(-0.030154,-0.171010,-0.984808)(1.000000,0.000000,0.000000)
(-0.173648,-0.000000,-0.984808)(0.500000,0.000000,-0.866025)(1.000000,0.000000,0.000000)
(-0.173648,-0.000000,-0.984808)(-0.133022,-0.754407,-0.642788)(1.000000,0.000000,0.000000)
(0.500000,0.000000,-0.866025)(0.086824,0.492404,-0.866025)(1.000000,0.000000,0.000000)
(0.500000,0.000000,-0.866025)(0.939693,0.000000,-0.342020)(1.000000,0.000000,0.000000)
(0.500000,0.000000,-0.866025)(-0.030154,-0.171010,-0.984808)(1.000000,0.000000,0.000000)
(0.939693,0.000000,-0.342020)(0.163176,0.925417,-0.342020)(1.000000,0.000000,0.000000)
(0.939693,0.000000,-0.342020)(0.939693,0.000000,0.342020)(1.000000,0.000000,0.000000)
(0.939693,0.000000,-0.342020)(0.086824,0.492404,-0.866025)(1.000000,0.000000,0.000000)
(0.939693,0.000000,0.342020)(0.163176,0.925417,0.342020)(1.000000,0.000000,0.000000)
(0.939693,0.000000,0.342020)(0.500000,0.000000,0.866025)(1.000000,0.000000,0.000000)
(0.939693,0.000000,0.342020)(0.163176,0.925417,-0.342020)(1.000000,0.000000,0.000000)
(0.500000,0.000000,0.866025)(0.086824,0.492404,0.866025)(1.000000,0.000000,0.000000)
(0.500000,0.000000,0.866025)(-0.173648,-0.000000,0.984808)(1.000000,0.000000,0.000000)
(0.500000,0.000000,0.866025)(0.163176,0.925417,0.342020)(1.000000,0.000000,0.000000)
(-0.173648,-0.000000,0.984808)(-0.030154,-0.171010,0.984808)(1.000000,0.000000,0.000000)
(-0.173648,-0.000000,0.984808)(-0.766044,-0.000000,0.642788)(1.000000,0.000000,0.000000)
(-0.173648,-0.000000,0.984808)(0.086824,0.492404,0.866025)(1.000000,0.000000,0.000000)
(-0.766044,-0.000000,0.642788)(-0.133022,-0.754407,0.642788)(1.000000,0.000000,0.000000)
(-0.766044,-0.000000,0.642788)(-1.000000,-0.000000,0.000000)(1.000000,0.000000,0.000000)
(-0.766044,-0.000000,0.642788)(-0.030154,-0.171010,0.984808)(1.000000,0.000000,0.000000)
(-1.000000,-0.000000,0.000000)(-0.173648,-0.984808,0.000000)(1.000000,0.000000,0.000000)
(-1.000000,-0.000000,0.000000)(-0.133022,-0.754407,0.642788)(1.000000,0.000000,0.000000)
(-0.173648,-0.984808,-0.000000)(0.939693,-0.342020,-0.000000)(1.000000,0.000000,0.000000)
(-0.173648,-0.984808,-0.000000)(-0.133022,-0.754407,-0.642788)(1.000000,0.000000,0.000000)
(-0.133022,-0.754407,-0.642788)(0.719846,-0.262003,-0.642788)(1.000000,0.000000,0.000000)
(-0.133022,-0.754407,-0.642788)(-0.030154,-0.171010,-0.984808)(1.000000,0.000000,0.000000)
(-0.133022,-0.754407,-0.642788)(0.939693,-0.342020,-0.000000)(1.000000,0.000000,0.000000)
(-0.030154,-0.171010,-0.984808)(0.163176,-0.059391,-0.984808)(1.000000,0.000000,0.000000)
(-0.030154,-0.171010,-0.984808)(0.086824,0.492404,-0.866025)(1.000000,0.000000,0.000000)
(-0.030154,-0.171010,-0.984808)(0.719846,-0.262003,-0.642788)(1.000000,0.000000,0.000000)
(0.086824,0.492404,-0.866025)(-0.469846,0.171010,-0.866025)(1.000000,0.000000,0.000000)
(0.086824,0.492404,-0.866025)(0.163176,0.925417,-0.342020)(1.000000,0.000000,0.000000)
(0.086824,0.492404,-0.866025)(0.163176,-0.059391,-0.984808)(1.000000,0.000000,0.000000)
(0.163176,0.925417,-0.342020)(-0.883022,0.321394,-0.342020)(1.000000,0.000000,0.000000)
(0.163176,0.925417,-0.342020)(0.163176,0.925417,0.342020)(1.000000,0.000000,0.000000)
(0.163176,0.925417,-0.342020)(-0.469846,0.171010,-0.866025)(1.000000,0.000000,0.000000)
(0.163176,0.925417,0.342020)(-0.883022,0.321394,0.342020)(1.000000,0.000000,0.000000)
(0.163176,0.925417,0.342020)(0.086824,0.492404,0.866025)(1.000000,0.000000,0.000000)
(0.163176,0.925417,0.342020)(-0.883022,0.321394,-0.342020)(1.000000,0.000000,0.000000)
(0.086824,0.492404,0.866025)(-0.469846,0.171010,0.866025)(1.000000,0.000000,0.000000)
(0.086824,0.492404,0.866025)(-0.030154,-0.171010,0.984808)(1.000000,0.000000,0.000000)
(0.086824,0.492404,0.866025)(-0.883022,0.321394,0.342020)(1.000000,0.000000,0.000000)
(-0.030154,-0.171010,0.984808)(0.163176,-0.059391,0.984808)(1.000000,0.000000,0.000000)
(-0.030154,-0.171010,0.984808)(-0.133022,-0.754407,0.642788)(1.000000,0.000000,0.000000)
(-0.030154,-0.171010,0.984808)(-0.469846,0.171010,0.866025)(1.000000,0.000000,0.000000)
(-0.133022,-0.754407,0.642788)(0.719846,-0.262003,0.642788)(1.000000,0.000000,0.000000)
(-0.133022,-0.754407,0.642788)(-0.173648,-0.984808,0.000000)(1.000000,0.000000,0.000000)
(-0.133022,-0.754407,0.642788)(0.163176,-0.059391,0.984808)(1.000000,0.000000,0.000000)
(-0.173648,-0.984808,0.000000)(0.939693,-0.342020,0.000000)(1.000000,0.000000,0.000000)
(-0.173648,-0.984808,0.000000)(0.719846,-0.262003,0.642788)(1.000000,0.000000,0.000000)
(0.939693,-0.342020,-0.000000)(0.500000,0.866025,-0.000000)(1.000000,0.000000,0.000000)
(0.939693,-0.342020,-0.000000)(0.719846,-0.262003,-0.642788)(1.000000,0.000000,0.000000)
(0.719846,-0.262003,-0.642788)(0.383022,0.663414,-0.642788)(1.000000,0.000000,0.000000)
(0.719846,-0.262003,-0.642788)(0.163176,-0.059391,-0.984808)(1.000000,0.000000,0.000000)
(0.719846,-0.262003,-0.642788)(0.500000,0.866025,-0.000000)(1.000000,0.000000,0.000000)
(0.163176,-0.059391,-0.984808)(0.086824,0.150384,-0.984808)(1.000000,0.000000,0.000000)
(0.163176,-0.059391,-0.984808)(-0.469846,0.171010,-0.866025)(1.000000,0.000000,0.000000)
(0.163176,-0.059391,-0.984808)(0.383022,0.663414,-0.642788)(1.000000,0.000000,0.000000)
(-0.469846,0.171010,-0.866025)(-0.250000,-0.433013,-0.866025)(1.000000,0.000000,0.000000)
(-0.469846,0.171010,-0.866025)(-0.883022,0.321394,-0.342020)(1.000000,0.000000,0.000000)
(-0.469846,0.171010,-0.866025)(0.086824,0.150384,-0.984808)(1.000000,0.000000,0.000000)
(-0.883022,0.321394,-0.342020)(-0.469846,-0.813798,-0.342020)(1.000000,0.000000,0.000000)
(-0.883022,0.321394,-0.342020)(-0.883022,0.321394,0.342020)(1.000000,0.000000,0.000000)
(-0.883022,0.321394,-0.342020)(-0.250000,-0.433013,-0.866025)(1.000000,0.000000,0.000000)
(-0.883022,0.321394,0.342020)(-0.469846,-0.813798,0.342020)(1.000000,0.000000,0.000000)
(-0.883022,0.321394,0.342020)(-0.469846,0.171010,0.866025)(1.000000,0.000000,0.000000)
(-0.883022,0.321394,0.342020)(-0.469846,-0.813798,-0.342020)(1.000000,0.000000,0.000000)
(-0.469846,0.171010,0.866025)(-0.250000,-0.433013,0.866025)(1.000000,0.000000,0.000000)
(-0.469846,0.171010,0.866025)(0.163176,-0.059391,0.984808)(1.000000,0.000000,0.000000)
(-0.469846,0.171010,0.866025)(-0.469846,-0.813798,0.342020)(1.000000,0.000000,0.000000)
(0.163176,-0.059391,0.984808)(0.086824,0.150384,0.984808)(1.000000,0.000000,0.000000)
(0.163176,-0.059391,0.984808)(0.719846,-0.262003,0.642788)(1.000000,0.000000,0.000000)
(0.163176,-0.059391,0.984808)(-0.250000,-0.433013,0.866025)(1.000000,0.000000,0.000000)
(0.719846,-0.262003,0.642788)(0.383022,0.663414,0.642788)(1.000000,0.000000,0.000000)
(0.719846,-0.262003,0.642788)(0.939693,-0.342020,0.000000)(1.000000,0.000000,0.000000)
(0.719846,-0.262003,0.642788)(0.086824,0.150384,0.984808)(1.000000,0.000000,0.000000)
(0.939693,-0.342020,0.000000)(0.500000,0.866025,0.000000)(1.000000,0.000000,0.000000)
(0.939693,-0.342020,0.000000)(0.383022,0.663414,0.642788)(1.000000,0.000000,0.000000)
(0.500000,0.866025,-0.000000)(-0.766044,0.642788,-0.000000)(1.000000,0.000000,0.000000)
(0.500000,0.866025,-0.000000)(0.383022,0.663414,-0.642788)(1.000000,0.000000,0.000000)
(0.383022,0.663414,-0.642788)(-0.586824,0.492404,-0.642788)(1.000000,0.000000,0.000000)
(0.383022,0.663414,-0.642788)(0.086824,0.150384,-0.984808)(1.000000,0.000000,0.000000)
(0.383022,0.663414,-0.642788)(-0.766044,0.642788,-0.000000)(1.000000,0.000000,0.000000)
(0.086824,0.150384,-0.984808)(-0.133022,0.111619,-0.984808)(1.000000,0.000000,0.000000)
(0.086824,0.150384,-0.984808)(-0.250000,-0.433013,-0.866025)(1.000000,0.000000,0.000000)
(0.086824,0.150384,-0.984808)(-0.586824,0.492404,-0.642788)(1.000000,0.000000,0.000000)
(-0.250000,-0.433013,-0.866025)(0.383022,-0.321394,-0.866025)(1.000000,0.000000,0.000000)
(-0.250000,-0.433013,-0.866025)(-0.469846,-0.813798,-0.342020)(1.000000,0.000000,0.000000)
(-0.250000,-0.433013,-0.866025)(-0.133022,0.111619,-0.984808)(1.000000,0.000000,0.000000)
(-0.469846,-0.813798,-0.342020)(0.719846,-0.604023,-0.342020)(1.000000,0.000000,0.000000)
(-0.469846,-0.813798,-0.342020)(-0.469846,-0.813798,0.342020)(1.000000,0.000000,0.000000)
(-0.469846,-0.813798,-0.342020)(0.383022,-0.321394,-0.866025)(1.000000,0.000000,0.000000)
(-0.469846,-0.813798,0.342020)(0.719846,-0.604023,0.342020)(1.000000,0.000000,0.000000)
(-0.469846,-0.813798,0.342020)(-0.250000,-0.433013,0.866025)(1.000000,0.000000,0.000000)
(-0.469846,-0.813798,0.342020)(0.719846,-0.604023,-0.342020)(1.000000,0.000000,0.000000)
(-0.250000,-0.433013,0.866025)(0.383022,-0.321394,0.866025)(1.000000,0.000000,0.000000)
(-0.250000,-0.433013,0.866025)(0.086824,0.150384,0.984808)(1.000000,0.000000,0.000000)
(-0.250000,-0.433013,0.866025)(0.719846,-0.604023,0.342020)(1.000000,0.000000,0.000000)
(0.086824,0.150384,0.984808)(-0.133022,0.111619,0.984808)(1.000000,0.000000,0.000000)
(0.086824,0.150384,0.984808)(0.383022,0.663414,0.642788)(1.000000,0.000000,0.000000)
(0.086824,0.150384,0.984808)(0.383022,-0.321394,0.866025)(1.000000,0.000000,0.000000)
(0.383022,0.663414,0.642788)(-0.586824,0.492404,0.642788)(1.000000,0.000000,0.000000)
(0.383022,0.663414,0.642788)(0.500000,0.866025,0.000000)(1.000000,0.000000,0.000000)
(0.383022,0.663414,0.642788)(-0.133022,0.111619,0.984808)(1.000000,0.000000,0.000000)
(0.500000,0.866025,0.000000)(-0.766044,0.642788,0.000000)(1.000000,0.000000,0.000000)
(0.500000,0.866025,0.000000)(-0.586824,0.492404,0.642788)(1.000000,0.000000,0.000000)
(-0.766044,0.642788,-0.000000)(-0.766044,-0.642788,-0.000000)(1.000000,0.000000,0.000000)
(-0.766044,0.642788,-0.000000)(-0.586824,0.492404,-0.642788)(1.000000,0.000000,0.000000)
(-0.586824,0.492404,-0.642788)(-0.586824,-0.492404,-0.642788)(1.000000,0.000000,0.000000)
(-0.586824,0.492404,-0.642788)(-0.133022,0.111619,-0.984808)(1.000000,0.000000,0.000000)
(-0.586824,0.492404,-0.642788)(-0.766044,-0.642788,-0.000000)(1.000000,0.000000,0.000000)
(-0.133022,0.111619,-0.984808)(-0.133022,-0.111619,-0.984808)(1.000000,0.000000,0.000000)
(-0.133022,0.111619,-0.984808)(0.383022,-0.321394,-0.866025)(1.000000,0.000000,0.000000)
(-0.133022,0.111619,-0.984808)(-0.586824,-0.492404,-0.642788)(1.000000,0.000000,0.000000)
(0.383022,-0.321394,-0.866025)(0.383022,0.321394,-0.866025)(1.000000,0.000000,0.000000)
(0.383022,-0.321394,-0.866025)(0.719846,-0.604023,-0.342020)(1.000000,0.000000,0.000000)
(0.383022,-0.321394,-0.866025)(-0.133022,-0.111619,-0.984808)(1.000000,0.000000,0.000000)
(0.719846,-0.604023,-0.342020)(0.719846,0.604023,-0.342020)(1.000000,0.000000,0.000000)
(0.719846,-0.604023,-0.342020)(0.719846,-0.604023,0.342020)(1.000000,0.000000,0.000000)
(0.719846,-0.604023,-0.342020)(0.383022,0.321394,-0.866025)(1.000000,0.000000,0.000000)
(0.719846,-0.604023,0.342020)(0.719846,0.604023,0.342020)(1.000000,0.000000,0.000000)
(0.719846,-0.604023,0.342020)(0.383022,-0.321394,0.866025)(1.000000,0.000000,0.000000)
(0.719846,-0.604023,0.342020)(0.719846,0.604023,-0.342020)(1.000000,0.000000,0.000000)
(0.383022,-0.321394,0.866025)(0.383022,0.321394,0.866025)(1.000000,0.000000,0.000000)
(0.383022,-0.321394,0.866025)(-0.133022,0.111619,0.984808)(1.000000,0.000000,0.000000)
(0.383022,-0.321394,0.866025)(0.719846,0.604023,0.342020)(1.000000,0.000000,0.000000)
(-0.133022,0.111619,0.984808)(-0.133022,-0.111619,0.984808)(1.000000,0.000000,0.000000)
(-0.133022,0.111619,0.984808)(-0.586824,0.492404,0.642788)(1.000000,0.000000,0.000000)
(-0.133022,0.111619,0.984808)(0.383022,0.321394,0.866025)(1.000000,0.000000,0.000000)
(-0.586824,0.492404,0.642788)(-0.586824,-0.492404,0.642788)(1.000000,0.000000,0.000000)
(-0.586824,0.492404,0.642788)(-0.766044,0.642788,0.000000)(1.000000,0.000000,0.000000)
(-0.586824,0.492404,0.642788)(-0.133022,-0.111619,0.984808)(1.000000,0.000000,0.000000)
(-0.766044,0.642788,0.000000)(-0.766044,-0.642788,0.000000)(1.000000,0.000000,0.000000)
(-0.766044,0.642788,0.000000)(-0.586824,-0.492404,0.642788)(1.000000,0.000000,0.000000)
(-0.766044,-0.642788,-0.000000)(0.500000,-0.866025,-0.000000)(1.000000,0.000000,0.000000)
(-0.766044,-0.642788,-0.000000)(-0.586824,-0.492404,-0.642788)(1.000000,0.000000,0.000000)
(-0.586824,-0.492404,-0.642788)(0.383022,-0.663414,-0.642788)(1.000000,0.000000,0.000000)
(-0.586824,-0.492404,-0.642788)(-0.133022,-0.111619,-0.984808)(1.000000,0.000000,0.000000)
(-0.586824,-0.492404,-0.642788)(0.500000,-0.866025,-0.000000)(1.000000,0.000000,0.000000)
(-0.133022,-0.111619,-0.984808)(0.086824,-0.150384,-0.984808)(1.000000,0.000000,0.000000)
(-0.133022,-0.111619,-0.984808)(0.383022,0.321394,-0.866025)(1.000000,0.000000,0.000000)
(-0.133022,-0.111619,-0.984808)(0.383022,-0.663414,-0.642788)(1.000000,0.000000,0.000000)
(0.383022,0.321394,-0.866025)(-0.250000,0.433013,-0.866025)(1.000000,0.000000,0.000000)
(0.383022,0.321394,-0.866025)(0.719846,0.604023,-0.342020)(1.000000,0.000000,0.000000)
(0.383022,0.321394,-0.866025)(0.086824,-0.150384,-0.984808)(1.000000,0.000000,0.000000)
(0.719846,0.604023,-0.342020)(-0.469846,0.813798,-0.342020)(1.000000,0.000000,0.000000)
(0.719846,0.604023,-0.342020)(0.719846,0.604023,0.342020)(1.000000,0.000000,0.000000)
(0.719846,0.604023,-0.342020)(-0.250000,0.433013,-0.866025)(1.000000,0.000000,0.000000)
(0.719846,0.604023,0.342020)(-0.469846,0.813798,0.342020)(1.000000,0.000000,0.000000)
(0.719846,0.604023,0.342020)(0.383022,0.321394,0.866025)(1.000000,0.000000,0.000000)
(0.719846,0.604023,0.342020)(-0.469846,0.813798,-0.342020)(1.000000,0.000000,0.000000)
(0.383022,0.321394,0.866025)(-0.250000,0.433013,0.866025)(1.000000,0.000000,0.000000)
(0.383022,0.321394,0.866025)(-0.133022,-0.111619,0.984808)(1.000000,0.000000,0.000000)
(0.383022,0.321394,0.866025)(-0.469846,0.813798,0.342020)(1.000000,0.000000,0.000000)
(-0.133022,-0.111619,0.984808)(0.086824,-0.150384,0.984808)(1.000000,0.000000,0.000000)
(-0.133022,-0.111619,0.984808)(-0.586824,-0.492404,0.642788)(1.000000,0.000000,0.000000)
(-0.133022,-0.111619,0.984808)(-0.250000,0.433013,0.866025)(1.000000,0.000000,0.000000)
(-0.586824,-0.492404,0.642788)(0.383022,-0.663414,0.642788)(1.000000,0.000000,0.000000)
(-0.586824,-0.492404,0.642788)(-0.766044,-0.642788,0.000000)(1.000000,0.000000,0.000000)
(-0.586824,-0.492404,0.642788)(0.086824,-0.150384,0.984808)(1.000000,0.000000,0.000000)
(-0.766044,-0.642788,0.000000)(0.500000,-0.866025,0.000000)(1.000000,0.000000,0.000000)
(-0.766044,-0.642788,0.000000)(0.383022,-0.663414,0.642788)(1.000000,0.000000,0.000000)
(0.500000,-0.866025,-0.000000)(0.939693,0.342020,-0.000000)(1.000000,0.000000,0.000000)
(0.500000,-0.866025,-0.000000)(0.383022,-0.663414,-0.642788)(1.000000,0.000000,0.000000)
(0.383022,-0.663414,-0.642788)(0.719846,0.262003,-0.642788)(1.000000,0.000000,0.000000)
(0.383022,-0.663414,-0.642788)(0.086824,-0.150384,-0.984808)(1.000000,0.000000,0.000000)
(0.383022,-0.663414,-0.642788)(0.939693,0.342020,-0.000000)(1.000000,0.000000,0.000000)
(0.086824,-0.150384,-0.984808)(0.163176,0.059391,-0.984808)(1.000000,0.000000,0.000000)
(0.086824,-0.150384,-0.984808)(-0.250000,0.433013,-0.866025)(1.000000,0.000000,0.000000)
(0.086824,-0.150384,-0.984808)(0.719846,0.262003,-0.642788)(1.000000,0.000000,0.000000)
(-0.250000,0.433013,-0.866025)(-0.469846,-0.171010,-0.866025)(1.000000,0.000000,0.000000)
(-0.250000,0.433013,-0.866025)(-0.469846,0.813798,-0.342020)(1.000000,0.000000,0.000000)
(-0.250000,0.433013,-0.866025)(0.163176,0.059391,-0.984808)(1.000000,0.000000,0.000000)
(-0.469846,0.813798,-0.342020)(-0.883022,-0.321394,-0.342020)(1.000000,0.000000,0.000000)
(-0.469846,0.813798,-0.342020)(-0.469846,0.813798,0.342020)(1.000000,0.000000,0.000000)
(-0.469846,0.813798,-0.342020)(-0.469846,-0.171010,-0.866025)(1.000000,0.000000,0.000000)
(-0.469846,0.813798,0.342020)(-0.883022,-0.321394,0.342020)(1.000000,0.000000,0.000000)
(-0.469846,0.813798,0.342020)(-0.250000,0.433013,0.866025)(1.000000,0.000000,0.000000)
(-0.469846,0.813798,0.342020)(-0.883022,-0.321394,-0.342020)(1.000000,0.000000,0.000000)
(-0.250000,0.433013,0.866025)(-0.469846,-0.171010,0.866025)(1.000000,0.000000,0.000000)
(-0.250000,0.433013,0.866025)(0.086824,-0.150384,0.984808)(1.000000,0.000000,0.000000)
(-0.250000,0.433013,0.866025)(-0.883022,-0.321394,0.342020)(1.000000,0.000000,0.000000)
(0.086824,-0.150384,0.984808)(0.163176,0.059391,0.984808)(1.000000,0.000000,0.000000)
(0.086824,-0.150384,0.984808)(0.383022,-0.663414,0.642788)(1.000000,0.000000,0.000000)
(0.086824,-0.150384,0.984808)(-0.469846,-0.171010,0.866025)(1.000000,0.000000,0.000000)
(0.383022,-0.663414,0.642788)(0.719846,0.262003,0.642788)(1.000000,0.000000,0.000000)
(0.383022,-0.663414,0.642788)(0.500000,-0.866025,0.000000)(1.000000,0.000000,0.000000)
(0.383022,-0.663414,0.642788)(0.163176,0.059391,0.984808)(1.000000,0.000000,0.000000)
(0.500000,-0.866025,0.000000)(0.939693,0.342020,0.000000)(1.000000,0.000000,0.000000)
(0.500000,-0.866025,0.000000)(0.719846,0.262003,0.642788)(1.000000,0.000000,0.000000)
(0.939693,0.342020,-0.000000)(-0.173648,0.984808,-0.000000)(1.000000,0.000000,0.000000)
(0.939693,0.342020,-0.000000)(0.719846,0.262003,-0.642788)(1.000000,0.000000,0.000000)
(0.719846,0.262003,-0.642788)(-0.133022,0.754407,-0.642788)(1.000000,0.000000,0.000000)
(0.719846,0.262003,-0.642788)(0.163176,0.059391,-0.984808)(1.000000,0.000000,0.000000)
(0.719846,0.262003,-0.642788)(-0.173648,0.984808,-0.000000)(1.000000,0.000000,0.000000)
(0.163176,0.059391,-0.984808)(-0.030154,0.171010,-0.984808)(1.000000,0.000000,0.000000)
(0.163176,0.059391,-0.984808)(-0.469846,-0.171010,-0.866025)(1.000000,0.000000,0.000000)
(0.163176,0.059391,-0.984808)(-0.133022,0.754407,-0.642788)(1.000000,0.000000,0.000000)
(-0.469846,-0.171010,-0.866025)(0.086824,-0.492404,-0.866025)(1.000000,0.000000,0.000000)
(-0.469846,-0.171010,-0.866025)(-0.883022,-0.321394,-0.342020)(1.000000,0.000000,0.000000)
(-0.469846,-0.171010,-0.866025)(-0.030154,0.171010,-0.984808)(1.000000,0.000000,0.000000)
(-0.883022,-0.321394,-0.342020)(0.163176,-0.925417,-0.342020)(1.000000,0.000000,0.000000)
(-0.883022,-0.321394,-0.342020)(-0.883022,-0.321394,0.342020)(1.000000,0.000000,0.000000)
(-0.883022,-0.321394,-0.342020)(0.086824,-0.492404,-0.866025)(1.000000,0.000000,0.000000)
(-0.883022,-0.321394,0.342020)(0.163176,-0.925417,0.342020)(1.000000,0.000000,0.000000)
(-0.883022,-0.321394,0.342020)(-0.469846,-0.171010,0.866025)(1.000000,0.000000,0.000000)
(-0.883022,-0.321394,0.342020)(0.163176,-0.925417,-0.342020)(1.000000,0.000000,0.000000)
(-0.469846,-0.171010,0.866025)(0.086824,-0.492404,0.866025)(1.000000,0.000000,0.000000)
(-0.469846,-0.171010,0.866025)(0.163176,0.059391,0.984808)(1.000000,0.000000,0.000000)
(-0.469846,-0.171010,0.866025)(0.163176,-0.925417,0.342020)(1.000000,0.000000,0.000000)
(0.163176,0.059391,0.984808)(-0.030154,0.171010,0.984808)(1.000000,0.000000,0.000000)
(0.163176,0.059391,0.984808)(0.719846,0.262003,0.642788)(1.000000,0.000000,0.000000)
(0.163176,0.059391,0.984808)(0.086824,-0.492404,0.866025)(1.000000,0.000000,0.000000)
(0.719846,0.262003,0.642788)(-0.133022,0.754407,0.642788)(1.000000,0.000000,0.000000)
(0.719846,0.262003,0.642788)(0.939693,0.342020,0.000000)(1.000000,0.000000,0.000000)
(0.719846,0.262003,0.642788)(-0.030154,0.171010,0.984808)(1.000000,0.000000,0.000000)
(0.939693,0.342020,0.000000)(-0.173648,0.984808,0.000000)(1.000000,0.000000,0.000000)
(0.939693,0.342020,0.000000)(-0.133022,0.754407,0.642788)(1.000000,0.000000,0.000000)
(-0.173648,0.984808,-0.000000)(-1.000000,0.000000,-0.000000)(1.000000,0.000000,0.000000)
(-0.173648,0.984808,-0.000000)(-0.133022,0.754407,-0.642788)(1.000000,0.000000,0.000000)
(-0.133022,0.754407,-0.642788)(-0.766044,0.000000,-0.642788)(1.000000,0.000000,0.000000)
(-0.133022,0.754407,-0.642788)(-0.030154,0.171010,-0.984808)(1.000000,0.000000,0.000000)
(-0.133022,0.754407,-0.642788)(-1.000000,0.000000,-0.000000)(1.000000,0.000000,0.000000)
(-0.030154,0.171010,-0.984808)(-0.173648,0.000000,-0.984808)(1.000000,0.000000,0.000000)
(-0.030154,0.171010,-0.984808)(0.086824,-0.492404,-0.866025)(1.000000,0.000000,0.000000)
(-0.030154,0.171010,-0.984808)(-0.766044,0.000000,-0.642788)(1.000000,0.000000,0.000000)
(0.086824,-0.492404,-0.866025)(0.500000,-0.000000,-0.866025)(1.000000,0.000000,0.000000)
(0.086824,-0.492404,-0.866025)(0.163176,-0.925417,-0.342020)(1.000000,0.000000,0.000000)
(0.086824,-0.492404,-0.866025)(-0.173648,0.000000,-0.984808)(1.000000,0.000000,0.000000)
(0.163176,-0.925417,-0.342020)(0.939693,-0.000000,-0.342020)(1.000000,0.000000,0.000000)
(0.163176,-0.925417,-0.342020)(0.163176,-0.925417,0.342020)(1.000000,0.000000,0.000000)
(0.163176,-0.925417,-0.342020)(0.500000,-0.000000,-0.866025)(1.000000,0.000000,0.000000)
(0.163176,-0.925417,0.342020)(0.939693,-0.000000,0.342020)(1.000000,0.000000,0.000000)
(0.163176,-0.925417,0.342020)(0.086824,-0.492404,0.866025)(1.000000,0.000000,0.000000)
(0.163176,-0.925417,0.342020)(0.939693,-0.000000,-0.342020)(1.000000,0.000000,0.000000)
(0.086824,-0.492404,0.866025)(0.500000,-0.000000,0.866025)(1.000000,0.000000,0.000000)
(0.086824,-0.492404,0.866025)(-0.030154,0.171010,0.984808)(1.000000,0.000000,0.000000)
(0.086824,-0.492404,0.866025)(0.939693,-0.000000,0.342020)(1.000000,0.000000,0.000000)
(-0.030154,0.171010,0.984808)(-0.173648,0.000000,0.984808)(1.000000,0.000000,0.000000)
(-0.030154,0.171010,0.984808)(-0.133022,0.754407,0.642788)(1.000000,0.000000,0.000000)
(-0.030154,0.171010,0.984808)(0.500000,-0.000000,0.866025)(1.000000,0.000000,0.000000)
(-0.133022,0.754407,0.642788)(-0.766044,0.000000,0.642788)(1.000000,0.000000,0.000000)
(-0.133022,0.754407,0.642788)(-0.173648,0.984808,0.000000)(1.000000,0.000000,0.000000)
(-0.133022,0.754407,0.642788)(-0.173648,0.000000,0.984808)(1.000000,0.000000,0.000000)
(-0.173648,0.984808,0.000000)(-1.000000,0.000000,0.000000)(1.000000,0.000000,0.000000)
(-0.173648,0.984808,0.000000)(-0.766044,0.000000,0.642788)(1.000000,0.000000,0.000000)
(-1.000000,0.000000,-0.000000)(-0.766044,0.000000,-0.642788)(1.000000,0.000000,0.000000)
(-0.766044,0.000000,-0.642788)(-0.173648,0.000000,-0.984808)(1.000000,0.000000,0.000000)
(-0.173648,0.000000,-0.984808)(0.500000,-0.000000,-0.866025)(1.000000,0.000000,0.000000)
(0.500000,-0.000000,-0.866025)(0.939693,-0.000000,-0.342020)(1.000000,0.000000,0.000000)
(0.939693,-0.000000,-0.342020)(0.939693,-0.000000,0.342020)(1.000000,0.000000,0.000000)
(0.939693,-0.000000,0.342020)(0.500000,-0.000000,0.866025)(1.000000,0.000000,0.000000)
(0.500000,-0.000000,0.866025)(-0.173648,0.000000,0.984808)(1.000000,0.000000,0.000000)
(-0.173648,0.000000,0.984808)(-0.766044,0.000000,0.642788)(1.000000,0.000000,0.000000)
(-0.766044,0.000000,0.642788)(-1.000000,0.000000,0.000000)(1.000000,0.000000,0.000000)

