triangles: sphere
(-0.000000,10.000000,-1.000000)(-0.000000,10.000000,-1.000000)(-0.164595,10.000000,-0.986361)(0.211765,0.784314,0.682353)
(-0.000000,10.000000,-1.000000)(-0.155676,9.946556,-0.986361)(-0.164595,10.000000,-0.986361)(0.211765,0.784314,0.682353)
(-0.164595,10.000000,-0.986361)(-0.155676,9.946556,-0.986361)(-0.324699,10.000000,-0.945817)(0.211765,0.784314,0.682353)
(-0.155676,9.946556,-0.986361)(-0.307106,9.894570,-0.945817)(-0.324699,10.000000,-0.945817)(0.211765,0.784314,0.682353)
(-0.324699,10.000000,-0.945817)(-0.307106,9.894570,-0.945817)(-0.475947,10.000000,-0.879474)(0.211765,0.784314,0.682353)
(-0.307106,9.894570,-0.945817)(-0.450159,9.845460,-0.879474)(-0.475947,10.000000,-0.879474)(0.211765,0.784314,0.682353)
(-0.475947,10.000000,-0.879474)(-0.450159,9.845460,-0.879474)(-0.614213,10.000000,-0.789141)(0.211765,0.784314,0.682353)
(-0.450159,9.845460,-0.879474)(-0.580933,9.800565,-0.789141)(-0.614213,10.000000,-0.789141)(0.211765,0.784314,0.682353)
(-0.614213,10.000000,-0.789141)(-0.580933,9.800565,-0.789141)(-0.735724,10.000000,-0.677282)(0.211765,0.784314,0.682353)
(-0.580933,9.800565,-0.789141)(-0.695860,9.761111,-0.677282)(-0.735724,10.000000,-0.677282)(0.211765,0.784314,0.682353)
(-0.735724,10.000000,-0.677282)(-0.695860,9.761111,-0.677282)(-0.837166,10.000000,-0.546948)(0.211765,0.784314,0.682353)
(-0.695860,9.761111,-0.677282)(-0.791806,9.728172,-0.546948)(-0.837166,10.000000,-0.546948)(0.211765,0.784314,0.682353)
(-0.837166,10.000000,-0.546948)(-0.791806,9.728172,-0.546948)(-0.915773,10.000000,-0.401695)(0.211765,0.784314,0.682353)
(-0.791806,9.728172,-0.546948)(-0.866154,9.702649,-0.401695)(-0.915773,10.000000,-0.401695)(0.211765,0.784314,0.682353)
(-0.915773,10.000000,-0.401695)(-0.866154,9.702649,-0.401695)(-0.969400,10.000000,-0.245485)(0.211765,0.784314,0.682353)
(-0.866154,9.702649,-0.401695)(-0.916875,9.685236,-0.245485)(-0.969400,10.000000,-0.245485)(0.211765,0.784314,0.682353)
(-0.969400,10.000000,-0.245485)(-0.916875,9.685236,-0.245485)(-0.996584,10.000000,-0.082579)(0.211765,0.784314,0.682353)
(-0.916875,9.685236,-0.245485)(-0.942587,9.676410,-0.082579)(-0.996584,10.000000,-0.082579)(0.211765,0.784314,0.682353)
(-0.996584,10.000000,-0.082579)(-0.942587,9.676410,-0.082579)(-0.996584,10.000000,0.082579)(0.211765,0.784314,0.682353)
(-0.942587,9.676410,-0.082579)(-0.942587,9.676410,0.082579)(-0.996584,10.000000,0.082579)(0.211765,0.784314,0.682353)
(-0.996584,10.000000,0.082579)(-0.942587,9.676410,0.082579)(-0.969400,10.000000,0.245485)(0.211765,0.784314,0.682353)
(-0.942587,9.676410,0.082579)(-0.916875,9.685236,0.245485)(-0.969400,10.000000,0.245485)(0.211765,0.784314,0.682353)
(-0.969400,10.000000,0.245485)(-0.916875,9.685236,0.245485)(-0.915773,10.000000,0.401695)(0.211765,0.784314,0.682353)
(-0.916875,9.685236,0.245485)(-0.866154,9.702649,0.401695)(-0.915773,10.000000,0.401695)(0.211765,0.784314,0.682353)
(-0.915773,10.000000,0.401695)(-0.866154,9.702649,0.401695)(-0.837166,10.000000,0.546948)(0.211765,0.784314,0.682353)
(-0.866154,9.702649,0.401695)(-0.791806,9.728172,0.546948)(-0.837166,10.000000,0.546948)(0.211765,0.784314,0.682353)
(-0.837166,10.000000,0.546948)(-0.791806,9.728172,0.546948)(-0.735724,10.000000,0.677282)(0.211765,0.784314,0.682353)
(-0.791806,9.728172,0.546948)(-0.695860,9.761111,0.677282)(-0.735724,10.000000,0.677282)(0.211765,0.784314,0.682353)
(-0.735724,10.000000,0.677282)(-0.695860,9.761111,0.677282)(-0.614213,10.000000,0.789141)(0.211765,0.784314,0.682353)
(-0.695860,9.761111,0.677282)(-0.580933,9.800565,0.789141)(-0.614213,10.000000,0.789141)(0.211765,0.784314,0.682353)
(-0.614213,10.000000,0.789141)(-0.580933,9.800565,0.789141)(-0.475947,10.000000,0.879474)(0.211765,0.784314,0.682353)
(-0.580933,9.800565,0.789141)(-0.450159,9.845460,0.879474)(-0.475947,10.000000,0.879474)(0.211765,0.784314,0.682353)
(-0.475947,10.000000,0.879474)(-0.450159,9.845460,0.879474)(-0.324699,10.000000,0.945817)(0.211765,0.784314,0.682353)
(-0.450159,9.845460,0.879474)(-0.307106,9.894570,0.945817)(-0.324699,10.000000,0.945817)(0.211765,0.784314,0.682353)
(-0.324699,10.000000,0.945817)(-0.307106,9.894570,0.945817)(-0.164595,10.000000,0.986361)(0.211765,0.784314,0.682353)
(-0.307106,9.894570,0.945817)(-0.155676,9.946556,0.986361)(-0.164595,10.000000,0.986361)(0.211765,0.784314,0.682353)
(-0.164595,10.000000,0.986361)(-0.155676,9.946556,0.986361)(-0.000000,10.000000,1.000000)(0.211765,0.784314,0.682353)
(-0.155676,9.946556,0.986361)(-0.000000,10.000000,1.000000)(-0.000000,10.000000,1.000000)(0.211765,0.784314,0.682353)
(-0.000000,10.000000,-1.000000)(-0.000000,10.000000,-1.000000)(-0.155676,9.946556,-0.986361)(0.211765,0.784314,0.682353)
(-0.000000,10.000000,-1.000000)(-0.129888,9.898904,-0.986361)(-0.155676,9.946556,-0.986361)(0.211765,0.784314,0.682353)
(-0.155676,9.946556,-0.986361)(-0.129888,9.898904,-0.986361)(-0.307106,9.894570,-0.945817)(0.211765,0.784314,0.682353)
(-0.129888,9.898904,-0.986361)(-0.256234,9.800565,-0.945817)(-0.307106,9.894570,-0.945817)(0.211765,0.784314,0.682353)
(-0.307106,9.894570,-0.945817)(-0.256234,9.800565,-0.945817)(-0.450159,9.845460,-0.879474)(0.211765,0.784314,0.682353)
(-0.256234,9.800565,-0.945817)(-0.375589,9.707667,-0.879474)(-0.450159,9.845460,-0.879474)(0.211765,0.784314,0.682353)
(-0.450159,9.845460,-0.879474)(-0.375589,9.707667,-0.879474)(-0.580933,9.800565,-0.789141)(0.211765,0.784314,0.682353)
(-0.375589,9.707667,-0.879474)(-0.484700,9.622743,-0.789141)(-0.580933,9.800565,-0.789141)(0.211765,0.784314,0.682353)
(-0.580933,9.800565,-0.789141)(-0.484700,9.622743,-0.789141)(-0.695860,9.761111,-0.677282)(0.211765,0.784314,0.682353)
(-0.484700,9.622743,-0.789141)(-0.580590,9.548109,-0.677282)(-0.695860,9.761111,-0.677282)(0.211765,0.784314,0.682353)
(-0.695860,9.761111,-0.677282)(-0.580590,9.548109,-0.677282)(-0.791806,9.728172,-0.546948)(0.211765,0.784314,0.682353)
(-0.580590,9.548109,-0.677282)(-0.660642,9.485802,-0.546948)(-0.791806,9.728172,-0.546948)(0.211765,0.784314,0.682353)
(-0.791806,9.728172,-0.546948)(-0.660642,9.485802,-0.546948)(-0.866154,9.702649,-0.401695)(0.211765,0.784314,0.682353)
(-0.660642,9.485802,-0.546948)(-0.722674,9.437520,-0.401695)(-0.866154,9.702649,-0.401695)(0.211765,0.784314,0.682353)
(-0.866154,9.702649,-0.401695)(-0.722674,9.437520,-0.401695)(-0.916875,9.685236,-0.245485)(0.211765,0.784314,0.682353)
(-0.722674,9.437520,-0.401695)(-0.764993,9.404582,-0.245485)(-0.916875,9.685236,-0.245485)(0.211765,0.784314,0.682353)
(-0.916875,9.685236,-0.245485)(-0.764993,9.404582,-0.245485)(-0.942587,9.676410,-0.082579)(0.211765,0.784314,0.682353)
(-0.764993,9.404582,-0.245485)(-0.786445,9.387885,-0.082579)(-0.942587,9.676410,-0.082579)(0.211765,0.784314,0.682353)
(-0.942587,9.676410,-0.082579)(-0.786445,9.387885,-0.082579)(-0.942587,9.676410,0.082579)(0.211765,0.784314,0.682353)
(-0.786445,9.387885,-0.082579)(-0.786445,9.387885,0.082579)(-0.942587,9.676410,0.082579)(0.211765,0.784314,0.682353)
(-0.942587,9.676410,0.082579)(-0.786445,9.387885,0.082579)(-0.916875,9.685236,0.245485)(0.211765,0.784314,0.682353)
(-0.786445,9.387885,0.082579)(-0.764993,9.404582,0.245485)(-0.916875,9.685236,0.245485)(0.211765,0.784314,0.682353)
(-0.916875,9.685236,0.245485)(-0.764993,9.404582,0.245485)(-0.866154,9.702649,0.401695)(0.211765,0.784314,0.682353)
(-0.764993,9.404582,0.245485)(-0.722674,9.437520,0.401695)(-0.866154,9.702649,0.401695)(0.211765,0.784314,0.682353)
(-0.866154,9.702649,0.401695)(-0.722674,9.437520,0.401695)(-0.791806,9.728172,0.546948)(0.211765,0.784314,0.682353)
(-0.722674,9.437520,0.401695)(-0.660642,9.485802,0.546948)(-0.791806,9.728172,0.546948)(0.211765,0.784314,0.682353)
(-0.791806,9.728172,0.546948)(-0.660642,9.485802,0.546948)(-0.695860,9.761111,0.677282)(0.211765,0.784314,0.682353)
(-0.660642,9.485802,0.546948)(-0.580590,9.548109,0.677282)(-0.695860,9.761111,0.677282)(0.211765,0.784314,0.682353)
(-0.695860,9.761111,0.677282)(-0.580590,9.548109,0.677282)(-0.580933,9.800565,0.789141)(0.211765,0.784314,0.682353)
(-0.580590,9.548109,0.677282)(-0.484700,9.622743,0.789141)(-0.580933,9.800565,0.789141)(0.211765,0.784314,0.682353)
(-0.580933,9.800565,0.789141)(-0.484700,9.622743,0.789141)(-0.450159,9.845460,0.879474)(0.211765,0.784314,0.682353)
(-0.484700,9.622743,0.789141)(-0.375589,9.707667,0.879474)(-0.450159,9.845460,0.879474)(0.211765,0.784314,0.682353)
(-0.450159,9.845460,0.879474)(-0.375589,9.707667,0.879474)(-0.307106,9.894570,0.945817)(0.211765,0.784314,0.682353)
(-0.375589,9.707667,0.879474)(-0.256234,9.800565,0.945817)(-0.307106,9.894570,0.945817)(0.211765,0.784314,0.682353)
(-0.307106,9.894570,0.945817)(-0.256234,9.800565,0.945817)(-0.155676,9.946556,0.986361)(0.211765,0.784314,0.682353)
(-0.256234,9.800565,0.945817)(-0.129888,9.898904,0.986361)(-0.155676,9.946556,0.986361)(0.211765,0.784314,0.682353)
(-0.155676,9.946556,0.986361)(-0.129888,9.898904,0.986361)(-0.000000,10.000000,1.000000)(0.211765,0.784314,0.682353)
(-0.129888,9.898904,0.986361)(-0.000000,10.000000,1.000000)(-0.000000,10.000000,1.000000)(0.211765,0.784314,0.682353)
(-0.000000,10.000000,-1.000000)(-0.000000,10.000000,-1.000000)(-0.129888,9.898904,-0.986361)(0.211765,0.784314,0.682353)
(-0.000000,10.000000,-1.000000)(-0.090025,9.862207,-0.986361)(-0.129888,9.898904,-0.986361)(0.211765,0.784314,0.682353)
(-0.129888,9.898904,-0.986361)(-0.090025,9.862207,-0.986361)(-0.256234,9.800565,-0.945817)(0.211765,0.784314,0.682353)
(-0.090025,9.862207,-0.986361)(-0.177594,9.728172,-0.945817)(-0.256234,9.800565,-0.945817)(0.211765,0.784314,0.682353)
(-0.256234,9.800565,-0.945817)(-0.177594,9.728172,-0.945817)(-0.375589,9.707667,-0.879474)(0.211765,0.784314,0.682353)
(-0.177594,9.728172,-0.945817)(-0.260319,9.601553,-0.879474)(-0.375589,9.707667,-0.879474)(0.211765,0.784314,0.682353)
(-0.375589,9.707667,-0.879474)(-0.260319,9.601553,-0.879474)(-0.484700,9.622743,-0.789141)(0.211765,0.784314,0.682353)
(-0.260319,9.601553,-0.879474)(-0.335943,9.485802,-0.789141)(-0.484700,9.622743,-0.789141)(0.211765,0.784314,0.682353)
(-0.484700,9.622743,-0.789141)(-0.335943,9.485802,-0.789141)(-0.580590,9.548109,-0.677282)(0.211765,0.784314,0.682353)
(-0.335943,9.485802,-0.789141)(-0.402403,9.384077,-0.677282)(-0.580590,9.548109,-0.677282)(0.211765,0.784314,0.682353)
(-0.580590,9.548109,-0.677282)(-0.402403,9.384077,-0.677282)(-0.660642,9.485802,-0.546948)(0.211765,0.784314,0.682353)
(-0.402403,9.384077,-0.677282)(-0.457887,9.299152,-0.546948)(-0.660642,9.485802,-0.546948)(0.211765,0.784314,0.682353)
(-0.660642,9.485802,-0.546948)(-0.457887,9.299152,-0.546948)(-0.722674,9.437520,-0.401695)(0.211765,0.784314,0.682353)
(-0.457887,9.299152,-0.546948)(-0.500881,9.233345,-0.401695)(-0.722674,9.437520,-0.401695)(0.211765,0.784314,0.682353)
(-0.722674,9.437520,-0.401695)(-0.500881,9.233345,-0.401695)(-0.764993,9.404582,-0.245485)(0.211765,0.784314,0.682353)
(-0.500881,9.233345,-0.401695)(-0.530212,9.188451,-0.245485)(-0.764993,9.404582,-0.245485)(0.211765,0.784314,0.682353)
(-0.764993,9.404582,-0.245485)(-0.530212,9.188451,-0.245485)(-0.786445,9.387885,-0.082579)(0.211765,0.784314,0.682353)
(-0.530212,9.188451,-0.245485)(-0.545080,9.165693,-0.082579)(-0.786445,9.387885,-0.082579)(0.211765,0.784314,0.682353)
(-0.786445,9.387885,-0.082579)(-0.545080,9.165693,-0.082579)(-0.786445,9.387885,0.082579)(0.211765,0.784314,0.682353)
(-0.545080,9.165693,-0.082579)(-0.545080,9.165693,0.082579)(-0.786445,9.387885,0.082579)(0.211765,0.784314,0.682353)
(-0.786445,9.387885,0.082579)(-0.545080,9.165693,0.082579)(-0.764993,9.404582,0.245485)(0.211765,0.784314,0.682353)
(-0.545080,9.165693,0.082579)(-0.530212,9.188451,0.245485)(-0.764993,9.404582,0.245485)(0.211765,0.784314,0.682353)
(-0.764993,9.404582,0.245485)(-0.530212,9.188451,0.245485)(-0.722674,9.437520,0.401695)(0.211765,0.784314,0.682353)
(-0.530212,9.188451,0.245485)(-0.500881,9.233345,0.401695)(-0.722674,9.437520,0.401695)(0.211765,0.784314,0.682353)
(-0.722674,9.437520,0.401695)(-0.500881,9.233345,0.401695)(-0.660642,9.485802,0.546948)(0.211765,0.784314,0.682353)
(-0.500881,9.233345,0.401695)(-0.457887,9.299152,0.546948)(-0.660642,9.485802,0.546948)(0.211765,0.784314,0.682353)
(-0.660642,9.485802,0.546948)(-0.457887,9.299152,0.546948)(-0.580590,9.548109,0.677282)(0.211765,0.784314,0.682353)
(-0.457887,9.299152,0.546948)(-0.402403,9.384077,0.677282)(-0.580590,9.548109,0.677282)(0.211765,0.784314,0.682353)
(-0.580590,9.548109,0.677282)(-0.402403,9.384077,0.677282)(-0.484700,9.622743,0.789141)(0.211765,0.784314,0.682353)
(-0.402403,9.384077,0.677282)(-0.335943,9.485802,0.789141)(-0.484700,9.622743,0.789141)(0.211765,0.784314,0.682353)
(-0.484700,9.622743,0.789141)(-0.335943,9.485802,0.789141)(-0.375589,9.707667,0.879474)(0.211765,0.784314,0.682353)
(-0.335943,9.485802,0.789141)(-0.260319,9.601553,0.879474)(-0.375589,9.707667,0.879474)(0.211765,0.784314,0.682353)
(-0.375589,9.707667,0.879474)(-0.260319,9.601553,0.879474)(-0.256234,9.800565,0.945817)(0.211765,0.784314,0.682353)
(-0.260319,9.601553,0.879474)(-0.177594,9.728172,0.945817)(-0.256234,9.800565,0.945817)(0.211765,0.784314,0.682353)
(-0.256234,9.800565,0.945817)(-0.177594,9.728172,0.945817)(-0.129888,9.898904,0.986361)(0.211765,0.784314,0.682353)
(-0.177594,9.728172,0.945817)(-0.090025,9.862207,0.986361)(-0.129888,9.898904,0.986361)(0.211765,0.784314,0.682353)
(-0.129888,9.898904,0.986361)(-0.090025,9.862207,0.986361)(-0.000000,10.000000,1.000000)(0.211765,0.784314,0.682353)
(-0.090025,9.862207,0.986361)(-0.000000,10.000000,1.000000)(-0.000000,10.000000,1.000000)(0.211765,0.784314,0.682353)
(-0.000000,10.000000,-1.000000)(-0.000000,10.000000,-1.000000)(-0.090025,9.862207,-0.986361)(0.211765,0.784314,0.682353)
(-0.000000,10.000000,-1.000000)(-0.040406,9.840442,-0.986361)(-0.090025,9.862207,-0.986361)(0.211765,0.784314,0.682353)
(-0.090025,9.862207,-0.986361)(-0.040406,9.840442,-0.986361)(-0.177594,9.728172,-0.945817)(0.211765,0.784314,0.682353)
(-0.040406,9.840442,-0.986361)(-0.079709,9.685236,-0.945817)(-0.177594,9.728172,-0.945817)(0.211765,0.784314,0.682353)
(-0.177594,9.728172,-0.945817)(-0.079709,9.685236,-0.945817)(-0.260319,9.601553,-0.879474)(0.211765,0.784314,0.682353)
(-0.079709,9.685236,-0.945817)(-0.116838,9.538616,-0.879474)(-0.260319,9.601553,-0.879474)(0.211765,0.784314,0.682353)
(-0.260319,9.601553,-0.879474)(-0.116838,9.538616,-0.879474)(-0.335943,9.485802,-0.789141)(0.211765,0.784314,0.682353)
(-0.116838,9.538616,-0.879474)(-0.150780,9.404582,-0.789141)(-0.335943,9.485802,-0.789141)(0.211765,0.784314,0.682353)
(-0.335943,9.485802,-0.789141)(-0.150780,9.404582,-0.789141)(-0.402403,9.384077,-0.677282)(0.211765,0.784314,0.682353)
(-0.150780,9.404582,-0.789141)(-0.180610,9.286789,-0.677282)(-0.402403,9.384077,-0.677282)(0.211765,0.784314,0.682353)
(-0.402403,9.384077,-0.677282)(-0.180610,9.286789,-0.677282)(-0.457887,9.299152,-0.546948)(0.211765,0.784314,0.682353)
(-0.180610,9.286789,-0.677282)(-0.205512,9.188451,-0.546948)(-0.457887,9.299152,-0.546948)(0.211765,0.784314,0.682353)
(-0.457887,9.299152,-0.546948)(-0.205512,9.188451,-0.546948)(-0.500881,9.233345,-0.401695)(0.211765,0.784314,0.682353)
(-0.205512,9.188451,-0.546948)(-0.224809,9.112249,-0.401695)(-0.500881,9.233345,-0.401695)(0.211765,0.784314,0.682353)
(-0.500881,9.233345,-0.401695)(-0.224809,9.112249,-0.401695)(-0.530212,9.188451,-0.245485)(0.211765,0.784314,0.682353)
(-0.224809,9.112249,-0.401695)(-0.237974,9.060263,-0.245485)(-0.530212,9.188451,-0.245485)(0.211765,0.784314,0.682353)
(-0.530212,9.188451,-0.245485)(-0.237974,9.060263,-0.245485)(-0.545080,9.165693,-0.082579)(0.211765,0.784314,0.682353)
(-0.237974,9.060263,-0.245485)(-0.244647,9.033911,-0.082579)(-0.545080,9.165693,-0.082579)(0.211765,0.784314,0.682353)
(-0.545080,9.165693,-0.082579)(-0.244647,9.033911,-0.082579)(-0.545080,9.165693,0.082579)(0.211765,0.784314,0.682353)
(-0.244647,9.033911,-0.082579)(-0.244647,9.033911,0.082579)(-0.545080,9.165693,0.082579)(0.211765,0.784314,0.682353)
(-0.545080,9.165693,0.082579)(-0.244647,9.033911,0.082579)(-0.530212,9.188451,0.245485)(0.211765,0.784314,0.682353)
(-0.244647,9.033911,0.082579)(-0.237974,9.060263,0.245485)(-0.530212,9.188451,0.245485)(0.211765,0.784314,0.682353)
(-0.530212,9.188451,0.245485)(-0.237974,9.060263,0.245485)(-0.500881,9.233345,0.401695)(0.211765,0.784314,0.682353)
(-0.237974,9.060263,0.245485)(-0.224809,9.112249,0.401695)(-0.500881,9.233345,0.401695)(0.211765,0.784314,0.682353)
(-0.500881,9.233345,0.401695)(-0.224809,9.112249,0.401695)(-0.457887,9.299152,0.546948)(0.211765,0.784314,0.682353)
(-0.224809,9.112249,0.401695)(-0.205512,9.188451,0.546948)(-0.457887,9.299152,0.546948)(0.211765,0.784314,0.682353)
(-0.457887,9.299152,0.546948)(-0.205512,9.188451,0.546948)(-0.402403,9.384077,0.677282)(0.211765,0.784314,0.682353)
(-0.205512,9.188451,0.546948)(-0.180610,9.286789,0.677282)(-0.402403,9.384077,0.677282)(0.211765,0.784314,0.682353)
(-0.402403,9.384077,0.677282)(-0.180610,9.286789,0.677282)(-0.335943,9.485802,0.789141)(0.211765,0.784314,0.682353)
(-0.180610,9.286789,0.677282)(-0.150780,9.404582,0.789141)(-0.335943,9.485802,0.789141)(0.211765,0.784314,0.682353)
(-0.335943,9.485802,0.789141)(-0.150780,9.404582,0.789141)(-0.260319,9.601553,0.879474)(0.211765,0.784314,0.682353)
(-0.150780,9.404582,0.789141)(-0.116838,9.538616,0.879474)(-0.260319,9.601553,0.879474)(0.211765,0.784314,0.682353)
(-0.260319,9.601553,0.879474)(-0.116838,9.538616,0.879474)(-0.177594,9.728172,0.945817)(0.211765,0.784314,0.682353)
(-0.116838,9.538616,0.879474)(-0.079709,9.685236,0.945817)(-0.177594,9.728172,0.945817)(0.211765,0.784314,0.682353)
(-0.177594,9.728172,0.945817)(-0.079709,9.685236,0.945817)(-0.090025,9.862207,0.986361)(0.211765,0.784314,0.682353)
(-0.079709,9.685236,0.945817)(-0.040406,9.840442,0.986361)(-0.090025,9.862207,0.986361)(0.211765,0.784314,0.682353)
(-0.090025,9.862207,0.986361)(-0.040406,9.840442,0.986361)(-0.000000,10.000000,1.000000)(0.211765,0.784314,0.682353)
(-0.040406,9.840442,0.986361)(-0.000000,10.000000,1.000000)(-0.000000,10.000000,1.000000)(0.211765,0.784314,0.682353)
(-0.000000,10.000000,-1.000000)(0.000000,10.000000,-1.000000)(-0.040406,9.840442,-0.986361)(0.211765,0.784314,0.682353)
(0.000000,10.000000,-1.000000)(0.013592,9.835968,-0.986361)(-0.040406,9.840442,-0.986361)(0.211765,0.784314,0.682353)
(-0.040406,9.840442,-0.986361)(0.013592,9.835968,-0.986361)(-0.079709,9.685236,-0.945817)(0.211765,0.784314,0.682353)
(0.013592,9.835968,-0.986361)(0.026813,9.676410,-0.945817)(-0.079709,9.685236,-0.945817)(0.211765,0.784314,0.682353)
(-0.079709,9.685236,-0.945817)(0.026813,9.676410,-0.945817)(-0.116838,9.538616,-0.879474)(0.211765,0.784314,0.682353)
(0.026813,9.676410,-0.945817)(0.039303,9.525678,-0.879474)(-0.116838,9.538616,-0.879474)(0.211765,0.784314,0.682353)
(-0.116838,9.538616,-0.879474)(0.039303,9.525678,-0.879474)(-0.150780,9.404582,-0.789141)(0.211765,0.784314,0.682353)
(0.039303,9.525678,-0.879474)(0.050721,9.387885,-0.789141)(-0.150780,9.404582,-0.789141)(0.211765,0.784314,0.682353)
(-0.150780,9.404582,-0.789141)(0.050721,9.387885,-0.789141)(-0.180610,9.286789,-0.677282)(0.211765,0.784314,0.682353)
(0.050721,9.387885,-0.789141)(0.060756,9.266789,-0.677282)(-0.180610,9.286789,-0.677282)(0.211765,0.784314,0.682353)
(-0.180610,9.286789,-0.677282)(0.060756,9.266789,-0.677282)(-0.205512,9.188451,-0.546948)(0.211765,0.784314,0.682353)
(0.060756,9.266789,-0.677282)(0.069133,9.165693,-0.546948)(-0.205512,9.188451,-0.546948)(0.211765,0.784314,0.682353)
(-0.205512,9.188451,-0.546948)(0.069133,9.165693,-0.546948)(-0.224809,9.112249,-0.401695)(0.211765,0.784314,0.682353)
(0.069133,9.165693,-0.546948)(0.075624,9.087355,-0.401695)(-0.224809,9.112249,-0.401695)(0.211765,0.784314,0.682353)
(-0.224809,9.112249,-0.401695)(0.075624,9.087355,-0.401695)(-0.237974,9.060263,-0.245485)(0.211765,0.784314,0.682353)
(0.075624,9.087355,-0.401695)(0.080052,9.033911,-0.245485)(-0.237974,9.060263,-0.245485)(0.211765,0.784314,0.682353)
(-0.237974,9.060263,-0.245485)(0.080052,9.033911,-0.245485)(-0.244647,9.033911,-0.082579)(0.211765,0.784314,0.682353)
(0.080052,9.033911,-0.245485)(0.082297,9.006819,-0.082579)(-0.244647,9.033911,-0.082579)(0.211765,0.784314,0.682353)
(-0.244647,9.033911,-0.082579)(0.082297,9.006819,-0.082579)(-0.244647,9.033911,0.082579)(0.211765,0.784314,0.682353)
(0.082297,9.006819,-0.082579)(0.082297,9.006819,0.082579)(-0.244647,9.033911,0.082579)(0.211765,0.784314,0.682353)
(-0.244647,9.033911,0.082579)(0.082297,9.006819,0.082579)(-0.237974,9.060263,0.245485)(0.211765,0.784314,0.682353)
(0.082297,9.006819,0.082579)(0.080052,9.033911,0.245485)(-0.237974,9.060263,0.245485)(0.211765,0.784314,0.682353)
(-0.237974,9.060263,0.245485)(0.080052,9.033911,0.245485)(-0.224809,9.112249,0.401695)(0.211765,0.784314,0.682353)
(0.080052,9.033911,0.245485)(0.075624,9.087355,0.401695)(-0.224809,9.112249,0.401695)(0.211765,0.784314,0.682353)
(-0.224809,9.112249,0.401695)(0.075624,9.087355,0.401695)(-0.205512,9.188451,0.546948)(0.211765,0.784314,0.682353)
(0.075624,9.087355,0.401695)(0.069133,9.165693,0.546948)(-0.205512,9.188451,0.546948)(0.211765,0.784314,0.682353)
(-0.205512,9.188451,0.546948)(0.069133,9.165693,0.546948)(-0.180610,9.286789,0.677282)(0.211765,0.784314,0.682353)
(0.069133,9.165693,0.546948)(0.060756,9.266789,0.677282)(-0.180610,9.286789,0.677282)(0.211765,0.784314,0.682353)
(-0.180610,9.286789,0.677282)(0.060756,9.266789,0.677282)(-0.150780,9.404582,0.789141)(0.211765,0.784314,0.682353)
(0.060756,9.266789,0.677282)(0.050721,9.387885,0.789141)(-0.150780,9.404582,0.789141)(0.211765,0.784314,0.682353)
(-0.150780,9.404582,0.789141)(0.050721,9.387885,0.789141)(-0.116838,9.538616,0.879474)(0.211765,0.784314,0.682353)
(0.050721,9.387885,0.789141)(0.039303,9.525678,0.879474)(-0.116838,9.538616,0.879474)(0.211765,0.784314,0.682353)
(-0.116838,9.538616,0.879474)(0.039303,9.525678,0.879474)(-0.079709,9.685236,0.945817)(0.211765,0.784314,0.682353)
(0.039303,9.525678,0.879474)(0.026813,9.676410,0.945817)(-0.079709,9.685236,0.945817)(0.211765,0.784314,0.682353)
(-0.079709,9.685236,0.945817)(0.026813,9.676410,0.945817)(-0.040406,9.840442,0.986361)(0.211765,0.784314,0.682353)
(0.026813,9.676410,0.945817)(0.013592,9.835968,0.986361)(-0.040406,9.840442,0.986361)(0.211765,0.784314,0.682353)
(-0.040406,9.840442,0.986361)(0.013592,9.835968,0.986361)(-0.000000,10.000000,1.000000)(0.211765,0.784314,0.682353)
(0.013592,9.835968,0.986361)(0.000000,10.000000,1.000000)(-0.000000,10.000000,1.000000)(0.211765,0.784314,0.682353)
(0.000000,10.000000,-1.000000)(0.000000,10.000000,-1.000000)(0.013592,9.835968,-0.986361)(0.211765,0.784314,0.682353)
(0.000000,10.000000,-1.000000)(0.066117,9.849269,-0.986361)(0.013592,9.835968,-0.986361)(0.211765,0.784314,0.682353)
(0.013592,9.835968,-0.986361)(0.066117,9.849269,-0.986361)(0.026813,9.676410,-0.945817)(0.211765,0.784314,0.682353)
(0.066117,9.849269,-0.986361)(0.130430,9.702649,-0.945817)(0.026813,9.676410,-0.945817)(0.211765,0.784314,0.682353)
(0.026813,9.676410,-0.945817)(0.130430,9.702649,-0.945817)(0.039303,9.525678,-0.879474)(0.211765,0.784314,0.682353)
(0.130430,9.702649,-0.945817)(0.191186,9.564140,-0.879474)(0.039303,9.525678,-0.879474)(0.211765,0.784314,0.682353)
(0.039303,9.525678,-0.879474)(0.191186,9.564140,-0.879474)(0.050721,9.387885,-0.789141)(0.211765,0.784314,0.682353)
(0.191186,9.564140,-0.879474)(0.246726,9.437520,-0.789141)(0.050721,9.387885,-0.789141)(0.211765,0.784314,0.682353)
(0.050721,9.387885,-0.789141)(0.246726,9.437520,-0.789141)(0.060756,9.266789,-0.677282)(0.211765,0.784314,0.682353)
(0.246726,9.437520,-0.789141)(0.295537,9.326244,-0.677282)(0.060756,9.266789,-0.677282)(0.211765,0.784314,0.682353)
(0.060756,9.266789,-0.677282)(0.295537,9.326244,-0.677282)(0.069133,9.165693,-0.546948)(0.211765,0.784314,0.682353)
(0.295537,9.326244,-0.677282)(0.336286,9.233345,-0.546948)(0.069133,9.165693,-0.546948)(0.211765,0.784314,0.682353)
(0.069133,9.165693,-0.546948)(0.336286,9.233345,-0.546948)(0.075624,9.087355,-0.401695)(0.211765,0.784314,0.682353)
(0.336286,9.233345,-0.546948)(0.367862,9.161359,-0.401695)(0.075624,9.087355,-0.401695)(0.211765,0.784314,0.682353)
(0.075624,9.087355,-0.401695)(0.367862,9.161359,-0.401695)(0.080052,9.033911,-0.245485)(0.211765,0.784314,0.682353)
(0.367862,9.161359,-0.401695)(0.389404,9.112249,-0.245485)(0.080052,9.033911,-0.245485)(0.211765,0.784314,0.682353)
(0.080052,9.033911,-0.245485)(0.389404,9.112249,-0.245485)(0.082297,9.006819,-0.082579)(0.211765,0.784314,0.682353)
(0.389404,9.112249,-0.245485)(0.400323,9.087355,-0.082579)(0.082297,9.006819,-0.082579)(0.211765,0.784314,0.682353)
(0.082297,9.006819,-0.082579)(0.400323,9.087355,-0.082579)(0.082297,9.006819,0.082579)(0.211765,0.784314,0.682353)
(0.400323,9.087355,-0.082579)(0.400323,9.087355,0.082579)(0.082297,9.006819,0.082579)(0.211765,0.784314,0.682353)
(0.082297,9.006819,0.082579)(0.400323,9.087355,0.082579)(0.080052,9.033911,0.245485)(0.211765,0.784314,0.682353)
(0.400323,9.087355,0.082579)(0.389404,9.112249,0.245485)(0.080052,9.033911,0.245485)(0.211765,0.784314,0.682353)
(0.080052,9.033911,0.245485)(0.389404,9.112249,0.245485)(0.075624,9.087355,0.401695)(0.211765,0.784314,0.682353)
(0.389404,9.112249,0.245485)(0.367862,9.161359,0.401695)(0.075624,9.087355,0.401695)(0.211765,0.784314,0.682353)
(0.075624,9.087355,0.401695)(0.367862,9.161359,0.401695)(0.069133,9.165693,0.546948)(0.211765,0.784314,0.682353)
(0.367862,9.161359,0.401695)(0.336286,9.233345,0.546948)(0.069133,9.165693,0.546948)(0.211765,0.784314,0.682353)
(0.069133,9.165693,0.546948)(0.336286,9.233345,0.546948)(0.060756,9.266789,0.677282)(0.211765,0.784314,0.682353)
(0.336286,9.233345,0.546948)(0.295537,9.326244,0.677282)(0.060756,9.266789,0.677282)(0.211765,0.784314,0.682353)
(0.060756,9.266789,0.677282)(0.295537,9.326244,0.677282)(0.050721,9.387885,0.789141)(0.211765,0.784314,0.682353)
(0.295537,9.326244,0.677282)(0.246726,9.437520,0.789141)(0.050721,9.387885,0.789141)(0.211765,0.784314,0.682353)
(0.050721,9.387885,0.789141)(0.246726,9.437520,0.789141)(0.039303,9.525678,0.879474)(0.211765,0.784314,0.682353)
(0.246726,9.437520,0.789141)(0.191186,9.564140,0.879474)(0.039303,9.525678,0.879474)(0.211765,0.784314,0.682353)
(0.039303,9.525678,0.879474)(0.191186,9.564140,0.879474)(0.026813,9.676410,0.945817)(0.211765,0.784314,0.682353)
(0.191186,9.564140,0.879474)(0.130430,9.702649,0.945817)(0.026813,9.676410,0.945817)(0.211765,0.784314,0.682353)
(0.026813,9.676410,0.945817)(0.130430,9.702649,0.945817)(0.013592,9.835968,0.986361)(0.211765,0.784314,0.682353)
(0.130430,9.702649,0.945817)(0.066117,9.849269,0.986361)(0.013592,9.835968,0.986361)(0.211765,0.784314,0.682353)
(0.013592,9.835968,0.986361)(0.066117,9.849269,0.986361)(0.000000,10.000000,1.000000)(0.211765,0.784314,0.682353)
(0.066117,9.849269,0.986361)(0.000000,10.000000,1.000000)(0.000000,10.000000,1.000000)(0.211765,0.784314,0.682353)
(0.000000,10.000000,-1.000000)(0.000000,10.000000,-1.000000)(0.066117,9.849269,-0.986361)(0.211765,0.784314,0.682353)
(0.000000,10.000000,-1.000000)(0.111477,9.878904,-0.986361)(0.066117,9.849269,-0.986361)(0.211765,0.784314,0.682353)
(0.066117,9.849269,-0.986361)(0.111477,9.878904,-0.986361)(0.130430,9.702649,-0.945817)(0.211765,0.784314,0.682353)
(0.111477,9.878904,-0.986361)(0.219913,9.761111,-0.945817)(0.130430,9.702649,-0.945817)(0.211765,0.784314,0.682353)
(0.130430,9.702649,-0.945817)(0.219913,9.761111,-0.945817)(0.191186,9.564140,-0.879474)(0.211765,0.784314,0.682353)
(0.219913,9.761111,-0.945817)(0.322350,9.649834,-0.879474)(0.191186,9.564140,-0.879474)(0.211765,0.784314,0.682353)
(0.191186,9.564140,-0.879474)(0.322350,9.649834,-0.879474)(0.246726,9.437520,-0.789141)(0.211765,0.784314,0.682353)
(0.322350,9.649834,-0.879474)(0.415995,9.548109,-0.789141)(0.246726,9.437520,-0.789141)(0.211765,0.784314,0.682353)
(0.246726,9.437520,-0.789141)(0.415995,9.548109,-0.789141)(0.295537,9.326244,-0.677282)(0.211765,0.784314,0.682353)
(0.415995,9.548109,-0.789141)(0.498292,9.458710,-0.677282)(0.295537,9.326244,-0.677282)(0.211765,0.784314,0.682353)
(0.295537,9.326244,-0.677282)(0.498292,9.458710,-0.677282)(0.336286,9.233345,-0.546948)(0.211765,0.784314,0.682353)
(0.498292,9.458710,-0.677282)(0.566997,9.384077,-0.546948)(0.336286,9.233345,-0.546948)(0.211765,0.784314,0.682353)
(0.336286,9.233345,-0.546948)(0.566997,9.384077,-0.546948)(0.367862,9.161359,-0.401695)(0.211765,0.784314,0.682353)
(0.566997,9.384077,-0.546948)(0.620236,9.326244,-0.401695)(0.367862,9.161359,-0.401695)(0.211765,0.784314,0.682353)
(0.367862,9.161359,-0.401695)(0.620236,9.326244,-0.401695)(0.389404,9.112249,-0.245485)(0.211765,0.784314,0.682353)
(0.620236,9.326244,-0.401695)(0.656557,9.286789,-0.245485)(0.389404,9.112249,-0.245485)(0.211765,0.784314,0.682353)
(0.389404,9.112249,-0.245485)(0.656557,9.286789,-0.245485)(0.400323,9.087355,-0.082579)(0.211765,0.784314,0.682353)
(0.656557,9.286789,-0.245485)(0.674968,9.266789,-0.082579)(0.400323,9.087355,-0.082579)(0.211765,0.784314,0.682353)
(0.400323,9.087355,-0.082579)(0.674968,9.266789,-0.082579)(0.400323,9.087355,0.082579)(0.211765,0.784314,0.682353)
(0.674968,9.266789,-0.082579)(0.674968,9.266789,0.082579)(0.400323,9.087355,0.082579)(0.211765,0.784314,0.682353)
(0.400323,9.087355,0.082579)(0.674968,9.266789,0.082579)(0.389404,9.112249,0.245485)(0.211765,0.784314,0.682353)
(0.674968,9.266789,0.082579)(0.656557,9.286789,0.245485)(0.389404,9.112249,0.245485)(0.211765,0.784314,0.682353)
(0.389404,9.112249,0.245485)(0.656557,9.286789,0.245485)(0.367862,9.161359,0.401695)(0.211765,0.784314,0.682353)
(0.656557,9.286789,0.245485)(0.620236,9.326244,0.401695)(0.367862,9.161359,0.401695)(0.211765,0.784314,0.682353)
(0.367862,9.161359,0.401695)(0.620236,9.326244,0.401695)(0.336286,9.233345,0.546948)(0.211765,0.784314,0.682353)
(0.620236,9.326244,0.401695)(0.566997,9.384077,0.546948)(0.336286,9.233345,0.546948)(0.211765,0.784314,0.682353)
(0.336286,9.233345,0.546948)(0.566997,9.384077,0.546948)(0.295537,9.326244,0.677282)(0.211765,0.784314,0.682353)
(0.566997,9.384077,0.546948)(0.498292,9.458710,0.677282)(0.295537,9.326244,0.677282)(0.211765,0.784314,0.682353)
(0.295537,9.326244,0.677282)(0.498292,9.458710,0.677282)(0.246726,9.437520,0.789141)(0.211765,0.784314,0.682353)
(0.498292,9.458710,0.677282)(0.415995,9.548109,0.789141)(0.246726,9.437520,0.789141)(0.211765,0.784314,0.682353)
(0.246726,9.437520,0.789141)(0.415995,9.548109,0.789141)(0.191186,9.564140,0.879474)(0.211765,0.784314,0.682353)
(0.415995,9.548109,0.789141)(0.322350,9.649834,0.879474)(0.191186,9.564140,0.879474)(0.211765,0.784314,0.682353)
(0.191186,9.564140,0.879474)(0.322350,9.649834,0.879474)(0.130430,9.702649,0.945817)(0.211765,0.784314,0.682353)
(0.322350,9.649834,0.879474)(0.219913,9.761111,0.945817)(0.130430,9.702649,0.945817)(0.211765,0.784314,0.682353)
(0.130430,9.702649,0.945817)(0.219913,9.761111,0.945817)(0.066117,9.849269,0.986361)(0.211765,0.784314,0.682353)
(0.219913,9.761111,0.945817)(0.111477,9.878904,0.986361)(0.066117,9.849269,0.986361)(0.211765,0.784314,0.682353)
(0.066117,9.849269,0.986361)(0.111477,9.878904,0.986361)(0.000000,10.000000,1.000000)(0.211765,0.784314,0.682353)
(0.111477,9.878904,0.986361)(0.000000,10.000000,1.000000)(0.000000,10.000000,1.000000)(0.211765,0.784314,0.682353)
(0.000000,10.000000,-1.000000)(0.000000,10.000000,-1.000000)(0.111477,9.878904,-0.986361)(0.211765,0.784314,0.682353)
(0.000000,10.000000,-1.000000)(0.144757,9.921662,-0.986361)(0.111477,9.878904,-0.986361)(0.211765,0.784314,0.682353)
(0.111477,9.878904,-0.986361)(0.144757,9.921662,-0.986361)(0.219913,9.761111,-0.945817)(0.211765,0.784314,0.682353)
(0.144757,9.921662,-0.986361)(0.285565,9.845460,-0.945817)(0.219913,9.761111,-0.945817)(0.211765,0.784314,0.682353)
(0.219913,9.761111,-0.945817)(0.285565,9.845460,-0.945817)(0.322350,9.649834,-0.879474)(0.211765,0.784314,0.682353)
(0.285565,9.845460,-0.945817)(0.418583,9.773474,-0.879474)(0.322350,9.649834,-0.879474)(0.211765,0.784314,0.682353)
(0.322350,9.649834,-0.879474)(0.418583,9.773474,-0.879474)(0.415995,9.548109,-0.789141)(0.211765,0.784314,0.682353)
(0.418583,9.773474,-0.879474)(0.540184,9.707667,-0.789141)(0.415995,9.548109,-0.789141)(0.211765,0.784314,0.682353)
(0.415995,9.548109,-0.789141)(0.540184,9.707667,-0.789141)(0.498292,9.458710,-0.677282)(0.211765,0.784314,0.682353)
(0.540184,9.707667,-0.789141)(0.647050,9.649834,-0.677282)(0.498292,9.458710,-0.677282)(0.211765,0.784314,0.682353)
(0.498292,9.458710,-0.677282)(0.647050,9.649834,-0.677282)(0.566997,9.384077,-0.546948)(0.211765,0.784314,0.682353)
(0.647050,9.649834,-0.677282)(0.736266,9.601553,-0.546948)(0.566997,9.384077,-0.546948)(0.211765,0.784314,0.682353)
(0.566997,9.384077,-0.546948)(0.736266,9.601553,-0.546948)(0.620236,9.326244,-0.401695)(0.211765,0.784314,0.682353)
(0.736266,9.601553,-0.546948)(0.805399,9.564140,-0.401695)(0.620236,9.326244,-0.401695)(0.211765,0.784314,0.682353)
(0.620236,9.326244,-0.401695)(0.805399,9.564140,-0.401695)(0.656557,9.286789,-0.245485)(0.211765,0.784314,0.682353)
(0.805399,9.564140,-0.401695)(0.852562,9.538616,-0.245485)(0.656557,9.286789,-0.245485)(0.211765,0.784314,0.682353)
(0.656557,9.286789,-0.245485)(0.852562,9.538616,-0.245485)(0.674968,9.266789,-0.082579)(0.211765,0.784314,0.682353)
(0.852562,9.538616,-0.245485)(0.876470,9.525678,-0.082579)(0.674968,9.266789,-0.082579)(0.211765,0.784314,0.682353)
(0.674968,9.266789,-0.082579)(0.876470,9.525678,-0.082579)(0.674968,9.266789,0.082579)(0.211765,0.784314,0.682353)
(0.876470,9.525678,-0.082579)(0.876470,9.525678,0.082579)(0.674968,9.266789,0.082579)(0.211765,0.784314,0.682353)
(0.674968,9.266789,0.082579)(0.876470,9.525678,0.082579)(0.656557,9.286789,0.245485)(0.211765,0.784314,0.682353)
(0.876470,9.525678,0.082579)(0.852562,9.538616,0.245485)(0.656557,9.286789,0.245485)(0.211765,0.784314,0.682353)
(0.656557,9.286789,0.245485)(0.852562,9.538616,0.245485)(0.620236,9.326244,0.401695)(0.211765,0.784314,0.682353)
(0.852562,9.538616,0.245485)(0.805399,9.564140,0.401695)(0.620236,9.326244,0.401695)(0.211765,0.784314,0.682353)
(0.620236,9.326244,0.401695)(0.805399,9.564140,0.401695)(0.566997,9.384077,0.546948)(0.211765,0.784314,0.682353)
(0.805399,9.564140,0.401695)(0.736266,9.601553,0.546948)(0.566997,9.384077,0.546948)(0.211765,0.784314,0.682353)
(0.566997,9.384077,0.546948)(0.736266,9.601553,0.546948)(0.498292,9.458710,0.677282)(0.211765,0.784314,0.682353)
(0.736266,9.601553,0.546948)(0.647050,9.649834,0.677282)(0.498292,9.458710,0.677282)(0.211765,0.784314,0.682353)
(0.498292,9.458710,0.677282)(0.647050,9.649834,0.677282)(0.415995,9.548109,0.789141)(0.211765,0.784314,0.682353)
(0.647050,9.649834,0.677282)(0.540184,9.707667,0.789141)(0.415995,9.548109,0.789141)(0.211765,0.784314,0.682353)
(0.415995,9.548109,0.789141)(0.540184,9.707667,0.789141)(0.322350,9.649834,0.879474)(0.211765,0.784314,0.682353)
(0.540184,9.707667,0.789141)(0.418583,9.773474,0.879474)(0.322350,9.649834,0.879474)(0.211765,0.784314,0.682353)
(0.322350,9.649834,0.879474)(0.418583,9.773474,0.879474)(0.219913,9.761111,0.945817)(0.211765,0.784314,0.682353)
(0.418583,9.773474,0.879474)(0.285565,9.845460,0.945817)(0.219913,9.761111,0.945817)(0.211765,0.784314,0.682353)
(0.219913,9.761111,0.945817)(0.285565,9.845460,0.945817)(0.111477,9.878904,0.986361)(0.211765,0.784314,0.682353)
(0.285565,9.845460,0.945817)(0.144757,9.921662,0.986361)(0.111477,9.878904,0.986361)(0.211765,0.784314,0.682353)
(0.111477,9.878904,0.986361)(0.144757,9.921662,0.986361)(0.000000,10.000000,1.000000)(0.211765,0.784314,0.682353)
(0.144757,9.921662,0.986361)(0.000000,10.000000,1.000000)(0.000000,10.000000,1.000000)(0.211765,0.784314,0.682353)
(0.000000,10.000000,-1.000000)(0.000000,10.000000,-1.000000)(0.144757,9.921662,-0.986361)(0.211765,0.784314,0.682353)
(0.000000,10.000000,-1.000000)(0.162350,9.972909,-0.986361)(0.144757,9.921662,-0.986361)(0.211765,0.784314,0.682353)
(0.144757,9.921662,-0.986361)(0.162350,9.972909,-0.986361)(0.285565,9.845460,-0.945817)(0.211765,0.784314,0.682353)
(0.162350,9.972909,-0.986361)(0.320271,9.946556,-0.945817)(0.285565,9.845460,-0.945817)(0.211765,0.784314,0.682353)
(0.285565,9.845460,-0.945817)(0.320271,9.946556,-0.945817)(0.418583,9.773474,-0.879474)(0.211765,0.784314,0.682353)
(0.320271,9.946556,-0.945817)(0.469456,9.921662,-0.879474)(0.418583,9.773474,-0.879474)(0.211765,0.784314,0.682353)
(0.418583,9.773474,-0.879474)(0.469456,9.921662,-0.879474)(0.540184,9.707667,-0.789141)(0.211765,0.784314,0.682353)
(0.469456,9.921662,-0.879474)(0.605836,9.898904,-0.789141)(0.540184,9.707667,-0.789141)(0.211765,0.784314,0.682353)
(0.540184,9.707667,-0.789141)(0.605836,9.898904,-0.789141)(0.647050,9.649834,-0.677282)(0.211765,0.784314,0.682353)
(0.605836,9.898904,-0.789141)(0.725690,9.878904,-0.677282)(0.647050,9.649834,-0.677282)(0.211765,0.784314,0.682353)
(0.647050,9.649834,-0.677282)(0.725690,9.878904,-0.677282)(0.736266,9.601553,-0.546948)(0.211765,0.784314,0.682353)
(0.725690,9.878904,-0.677282)(0.825749,9.862207,-0.546948)(0.736266,9.601553,-0.546948)(0.211765,0.784314,0.682353)
(0.736266,9.601553,-0.546948)(0.825749,9.862207,-0.546948)(0.805399,9.564140,-0.401695)(0.211765,0.784314,0.682353)
(0.825749,9.862207,-0.546948)(0.903283,9.849269,-0.401695)(0.805399,9.564140,-0.401695)(0.211765,0.784314,0.682353)
(0.805399,9.564140,-0.401695)(0.903283,9.849269,-0.401695)(0.852562,9.538616,-0.245485)(0.211765,0.784314,0.682353)
(0.903283,9.849269,-0.401695)(0.956179,9.840442,-0.245485)(0.852562,9.538616,-0.245485)(0.211765,0.784314,0.682353)
(0.852562,9.538616,-0.245485)(0.956179,9.840442,-0.245485)(0.876470,9.525678,-0.082579)(0.211765,0.784314,0.682353)
(0.956179,9.840442,-0.245485)(0.982992,9.835968,-0.082579)(0.876470,9.525678,-0.082579)(0.211765,0.784314,0.682353)
(0.876470,9.525678,-0.082579)(0.982992,9.835968,-0.082579)(0.876470,9.525678,0.082579)(0.211765,0.784314,0.682353)
(0.982992,9.835968,-0.082579)(0.982992,9.835968,0.082579)(0.876470,9.525678,0.082579)(0.211765,0.784314,0.682353)
(0.876470,9.525678,0.082579)(0.982992,9.835968,0.082579)(0.852562,9.538616,0.245485)(0.211765,0.784314,0.682353)
(0.982992,9.835968,0.082579)(0.956179,9.840442,0.245485)(0.852562,9.538616,0.245485)(0.211765,0.784314,0.682353)
(0.852562,9.538616,0.245485)(0.956179,9.840442,0.245485)(0.805399,9.564140,0.401695)(0.211765,0.784314,0.682353)
(0.956179,9.840442,0.245485)(0.903283,9.849269,0.401695)(0.805399,9.564140,0.401695)(0.211765,0.784314,0.682353)
(0.805399,9.564140,0.401695)(0.903283,9.849269,0.401695)(0.736266,9.601553,0.546948)(0.211765,0.784314,0.682353)
(0.903283,9.849269,0.401695)(0.825749,9.862207,0.546948)(0.736266,9.601553,0.546948)(0.211765,0.784314,0.682353)
(0.736266,9.601553,0.546948)(0.825749,9.862207,0.546948)(0.647050,9.649834,0.677282)(0.211765,0.784314,0.682353)
(0.825749,9.862207,0.546948)(0.725690,9.878904,0.677282)(0.647050,9.649834,0.677282)(0.211765,0.784314,0.682353)
(0.647050,9.649834,0.677282)(0.725690,9.878904,0.677282)(0.540184,9.707667,0.789141)(0.211765,0.784314,0.682353)
(0.725690,9.878904,0.677282)(0.605836,9.898904,0.789141)(0.540184,9.707667,0.789141)(0.211765,0.784314,0.682353)
(0.540184,9.707667,0.789141)(0.605836,9.898904,0.789141)(0.418583,9.773474,0.879474)(0.211765,0.784314,0.682353)
(0.605836,9.898904,0.789141)(0.469456,9.921662,0.879474)(0.418583,9.773474,0.879474)(0.211765,0.784314,0.682353)
(0.418583,9.773474,0.879474)(0.469456,9.921662,0.879474)(0.285565,9.845460,0.945817)(0.211765,0.784314,0.682353)
(0.469456,9.921662,0.879474)(0.320271,9.946556,0.945817)(0.285565,9.845460,0.945817)(0.211765,0.784314,0.682353)
(0.285565,9.845460,0.945817)(0.320271,9.946556,0.945817)(0.144757,9.921662,0.986361)(0.211765,0.784314,0.682353)
(0.320271,9.946556,0.945817)(0.162350,9.972909,0.986361)(0.144757,9.921662,0.986361)(0.211765,0.784314,0.682353)
(0.144757,9.921662,0.986361)(0.162350,9.972909,0.986361)(0.000000,10.000000,1.000000)(0.211765,0.784314,0.682353)
(0.162350,9.972909,0.986361)(0.000000,10.000000,1.000000)(0.000000,10.000000,1.000000)(0.211765,0.784314,0.682353)
(0.000000,10.000000,-1.000000)(0.000000,10.000000,-1.000000)(0.162350,9.972909,-0.986361)(0.211765,0.784314,0.682353)
(0.000000,10.000000,-1.000000)(0.162350,10.027091,-0.986361)(0.162350,9.972909,-0.986361)(0.211765,0.784314,0.682353)
(0.162350,9.972909,-0.986361)(0.162350,10.027091,-0.986361)(0.320271,9.946556,-0.945817)(0.211765,0.784314,0.682353)
(0.162350,10.027091,-0.986361)(0.320271,10.053444,-0.945817)(0.320271,9.946556,-0.945817)(0.211765,0.784314,0.682353)
(0.320271,9.946556,-0.945817)(0.320271,10.053444,-0.945817)(0.469456,9.921662,-0.879474)(0.211765,0.784314,0.682353)
(0.320271,10.053444,-0.945817)(0.469456,10.078338,-0.879474)(0.469456,9.921662,-0.879474)(0.211765,0.784314,0.682353)
(0.469456,9.921662,-0.879474)(0.469456,10.078338,-0.879474)(0.605836,9.898904,-0.789141)(0.211765,0.784314,0.682353)
(0.469456,10.078338,-0.879474)(0.605836,10.101096,-0.789141)(0.605836,9.898904,-0.789141)(0.211765,0.784314,0.682353)
(0.605836,9.898904,-0.789141)(0.605836,10.101096,-0.789141)(0.725690,9.878904,-0.677282)(0.211765,0.784314,0.682353)
(0.605836,10.101096,-0.789141)(0.725690,10.121096,-0.677282)(0.725690,9.878904,-0.677282)(0.211765,0.784314,0.682353)
(0.725690,9.878904,-0.677282)(0.725690,10.121096,-0.677282)(0.825749,9.862207,-0.546948)(0.211765,0.784314,0.682353)
(0.725690,10.121096,-0.677282)(0.825749,10.137793,-0.546948)(0.825749,9.862207,-0.546948)(0.211765,0.784314,0.682353)
(0.825749,9.862207,-0.546948)(0.825749,10.137793,-0.546948)(0.903283,9.849269,-0.401695)(0.211765,0.784314,0.682353)
(0.825749,10.137793,-0.546948)(0.903283,10.150731,-0.401695)(0.903283,9.849269,-0.401695)(0.211765,0.784314,0.682353)
(0.903283,9.849269,-0.401695)(0.903283,10.150731,-0.401695)(0.956179,9.840442,-0.245485)(0.211765,0.784314,0.682353)
(0.903283,10.150731,-0.401695)(0.956179,10.159558,-0.245485)(0.956179,9.840442,-0.245485)(0.211765,0.784314,0.682353)
(0.956179,9.840442,-0.245485)(0.956179,10.159558,-0.245485)(0.982992,9.835968,-0.082579)(0.211765,0.784314,0.682353)
(0.956179,10.159558,-0.245485)(0.982992,10.164032,-0.082579)(0.982992,9.835968,-0.082579)(0.211765,0.784314,0.682353)
(0.982992,9.835968,-0.082579)(0.982992,10.164032,-0.082579)(0.982992,9.835968,0.082579)(0.211765,0.784314,0.682353)
(0.982992,10.164032,-0.082579)(0.982992,10.164032,0.082579)(0.982992,9.835968,0.082579)(0.211765,0.784314,0.682353)
(0.982992,9.835968,0.082579)(0.982992,10.164032,0.082579)(0.956179,9.840442,0.245485)(0.211765,0.784314,0.682353)
(0.982992,10.164032,0.082579)(0.956179,10.159558,0.245485)(0.956179,9.840442,0.245485)(0.211765,0.784314,0.682353)
(0.956179,9.840442,0.245485)(0.956179,10.159558,0.245485)(0.903283,9.849269,0.401695)(0.211765,0.784314,0.682353)
(0.956179,10.159558,0.245485)(0.903283,10.150731,0.401695)(0.903283,9.849269,0.401695)(0.211765,0.784314,0.682353)
(0.903283,9.849269,0.401695)(0.903283,10.150731,0.401695)(0.825749,9.862207,0.546948)(0.211765,0.784314,0.682353)
(0.903283,10.150731,0.401695)(0.825749,10.137793,0.546948)(0.825749,9.862207,0.546948)(0.211765,0.784314,0.682353)
(0.825749,9.862207,0.546948)(0.825749,10.137793,0.546948)(0.725690,9.878904,0.677282)(0.211765,0.784314,0.682353)
(0.825749,10.137793,0.546948)(0.725690,10.121096,0.677282)(0.725690,9.878904,0.677282)(0.211765,0.784314,0.682353)
(0.725690,9.878904,0.677282)(0.725690,10.121096,0.677282)(0.605836,9.898904,0.789141)(0.211765,0.784314,0.682353)
(0.725690,10.121096,0.677282)(0.605836,10.101096,0.789141)(0.605836,9.898904,0.789141)(0.211765,0.784314,0.682353)
(0.605836,9.898904,0.789141)(0.605836,10.101096,0.789141)(0.469456,9.921662,0.879474)(0.211765,0.784314,0.682353)
(0.605836,10.101096,0.789141)(0.469456,10.078338,0.879474)(0.469456,9.921662,0.879474)(0.211765,0.784314,0.682353)
(0.469456,9.921662,0.879474)(0.469456,10.078338,0.879474)(0.320271,9.946556,0.945817)(0.211765,0.784314,0.682353)
(0.469456,10.078338,0.879474)(0.320271,10.053444,0.945817)(0.320271,9.946556,0.945817)(0.211765,0.784314,0.682353)
(0.320271,9.946556,0.945817)(0.320271,10.053444,0.945817)(0.162350,9.972909,0.986361)(0.211765,0.784314,0.682353)
(0.320271,10.053444,0.945817)(0.162350,10.027091,0.986361)(0.162350,9.972909,0.986361)(0.211765,0.784314,0.682353)
(0.162350,9.972909,0.986361)(0.162350,10.027091,0.986361)(0.000000,10.000000,1.000000)(0.211765,0.784314,0.682353)
(0.162350,10.027091,0.986361)(0.000000,10.000000,1.000000)(0.000000,10.000000,1.000000)(0.211765,0.784314,0.682353)
(0.000000,10.000000,-1.000000)(0.000000,10.000000,-1.000000)(0.162350,10.027091,-0.986361)(0.211765,0.784314,0.682353)
(0.000000,10.000000,-1.000000)(0.144757,10.078338,-0.986361)(0.162350,10.027091,-0.986361)(0.211765,0.784314,0.682353)
(0.162350,10.027091,-0.986361)(0.144757,10.078338,-0.986361)(0.320271,10.053444,-0.945817)(0.211765,0.784314,0.682353)
(0.144757,10.078338,-0.986361)(0.285565,10.154540,-0.945817)(0.320271,10.053444,-0.945817)(0.211765,0.784314,0.682353)
(0.320271,10.053444,-0.945817)(0.285565,10.154540,-0.945817)(0.469456,10.078338,-0.879474)(0.211765,0.784314,0.682353)
(0.285565,10.154540,-0.945817)(0.418583,10.226526,-0.879474)(0.469456,10.078338,-0.879474)(0.211765,0.784314,0.682353)
(0.469456,10.078338,-0.879474)(0.418583,10.226526,-0.879474)(0.605836,10.101096,-0.789141)(0.211765,0.784314,0.682353)
(0.418583,10.226526,-0.879474)(0.540184,10.292333,-0.789141)(0.605836,10.101096,-0.789141)(0.211765,0.784314,0.682353)
(0.605836,10.101096,-0.789141)(0.540184,10.292333,-0.789141)(0.725690,10.121096,-0.677282)(0.211765,0.784314,0.682353)
(0.540184,10.292333,-0.789141)(0.647050,10.350166,-0.677282)(0.725690,10.121096,-0.677282)(0.211765,0.784314,0.682353)
(0.725690,10.121096,-0.677282)(0.647050,10.350166,-0.677282)(0.825749,10.137793,-0.546948)(0.211765,0.784314,0.682353)
(0.647050,10.350166,-0.677282)(0.736266,10.398447,-0.546948)(0.825749,10.137793,-0.546948)(0.211765,0.784314,0.682353)
(0.825749,10.137793,-0.546948)(0.736266,10.398447,-0.546948)(0.903283,10.150731,-0.401695)(0.211765,0.784314,0.682353)
(0.736266,10.398447,-0.546948)(0.805399,10.435860,-0.401695)(0.903283,10.150731,-0.401695)(0.211765,0.784314,0.682353)
(0.903283,10.150731,-0.401695)(0.805399,10.435860,-0.401695)(0.956179,10.159558,-0.245485)(0.211765,0.784314,0.682353)
(0.805399,10.435860,-0.401695)(0.852562,10.461384,-0.245485)(0.956179,10.159558,-0.245485)(0.211765,0.784314,0.682353)
(0.956179,10.159558,-0.245485)(0.852562,10.461384,-0.245485)(0.982992,10.164032,-0.082579)(0.211765,0.784314,0.682353)
(0.852562,10.461384,-0.245485)(0.876470,10.474322,-0.082579)(0.982992,10.164032,-0.082579)(0.211765,0.784314,0.682353)
(0.982992,10.164032,-0.082579)(0.876470,10.474322,-0.082579)(0.982992,10.164032,0.082579)(0.211765,0.784314,0.682353)
(0.876470,10.474322,-0.082579)(0.876470,10.474322,0.082579)(0.982992,10.164032,0.082579)(0.211765,0.784314,0.682353)
(0.982992,10.164032,0.082579)(0.876470,10.474322,0.082579)(0.956179,10.159558,0.245485)(0.211765,0.784314,0.682353)
(0.876470,10.474322,0.082579)(0.852562,10.461384,0.245485)(0.956179,10.159558,0.245485)(0.211765,0.784314,0.682353)
(0.956179,10.159558,0.245485)(0.852562,10.461384,0.245485)(0.903283,10.150731,0.401695)(0.211765,0.784314,0.682353)
(0.852562,10.461384,0.245485)(0.805399,10.435860,0.401695)(0.903283,10.150731,0.401695)(0.211765,0.784314,0.682353)
(0.903283,10.150731,0.401695)(0.805399,10.435860,0.401695)(0.825749,10.137793,0.546948)(0.211765,0.784314,0.682353)
(0.805399,10.435860,0.401695)(0.736266,10.398447,0.546948)(0.825749,10.137793,0.546948)(0.211765,0.784314,0.682353)
(0.825749,10.137793,0.546948)(0.736266,10.398447,0.546948)(0.725690,10.121096,0.677282)(0.211765,0.784314,0.682353)
(0.736266,10.398447,0.546948)(0.647050,10.350166,0.677282)(0.725690,10.121096,0.677282)(0.211765,0.784314,0.682353)
(0.725690,10.121096,0.677282)(0.647050,10.350166,0.677282)(0.605836,10.101096,0.789141)(0.211765,0.784314,0.682353)
(0.647050,10.350166,0.677282)(0.540184,10.292333,0.789141)(0.605836,10.101096,0.789141)(0.211765,0.784314,0.682353)
(0.605836,10.101096,0.789141)(0.540184,10.292333,0.789141)(0.469456,10.078338,0.879474)(0.211765,0.784314,0.682353)
(0.540184,10.292333,0.789141)(0.418583,10.226526,0.879474)(0.469456,10.078338,0.879474)(0.211765,0.784314,0.682353)
(0.469456,10.078338,0.879474)(0.418583,10.226526,0.879474)(0.320271,10.053444,0.945817)(0.211765,0.784314,0.682353)
(0.418583,10.226526,0.879474)(0.285565,10.154540,0.945817)(0.320271,10.053444,0.945817)(0.211765,0.784314,0.682353)
(0.320271,10.053444,0.945817)(0.285565,10.154540,0.945817)(0.162350,10.027091,0.986361)(0.211765,0.784314,0.682353)
(0.285565,10.154540,0.945817)(0.144757,10.078338,0.986361)(0.162350,10.027091,0.986361)(0.211765,0.784314,0.682353)
(0.162350,10.027091,0.986361)(0.144757,10.078338,0.986361)(0.000000,10.000000,1.000000)(0.211765,0.784314,0.682353)
(0.144757,10.078338,0.986361)(0.000000,10.000000,1.000000)(0.000000,10.000000,1.000000)(0.211765,0.784314,0.682353)
(0.000000,10.000000,-1.000000)(0.000000,10.000000,-1.000000)(0.144757,10.078338,-0.986361)(0.211765,0.784314,0.682353)
(0.000000,10.000000,-1.000000)(0.111477,10.121096,-0.986361)(0.144757,10.078338,-0.986361)(0.211765,0.784314,0.682353)
(0.144757,10.078338,-0.986361)(0.111477,10.121096,-0.986361)(0.285565,10.154540,-0.945817)(0.211765,0.784314,0.682353)
(0.111477,10.121096,-0.986361)(0.219913,10.238889,-0.945817)(0.285565,10.154540,-0.945817)(0.211765,0.784314,0.682353)
(0.285565,10.154540,-0.945817)(0.219913,10.238889,-0.945817)(0.418583,10.226526,-0.879474)(0.211765,0.784314,0.682353)
(0.219913,10.238889,-0.945817)(0.322350,10.350166,-0.879474)(0.418583,10.226526,-0.879474)(0.211765,0.784314,0.682353)
(0.418583,10.226526,-0.879474)(0.322350,10.350166,-0.879474)(0.540184,10.292333,-0.789141)(0.211765,0.784314,0.682353)
(0.322350,10.350166,-0.879474)(0.415995,10.451891,-0.789141)(0.540184,10.292333,-0.789141)(0.211765,0.784314,0.682353)
(0.540184,10.292333,-0.789141)(0.415995,10.451891,-0.789141)(0.647050,10.350166,-0.677282)(0.211765,0.784314,0.682353)
(0.415995,10.451891,-0.789141)(0.498292,10.541290,-0.677282)(0.647050,10.350166,-0.677282)(0.211765,0.784314,0.682353)
(0.647050,10.350166,-0.677282)(0.498292,10.541290,-0.677282)(0.736266,10.398447,-0.546948)(0.211765,0.784314,0.682353)
(0.498292,10.541290,-0.677282)(0.566997,10.615923,-0.546948)(0.736266,10.398447,-0.546948)(0.211765,0.784314,0.682353)
(0.736266,10.398447,-0.546948)(0.566997,10.615923,-0.546948)(0.805399,10.435860,-0.401695)(0.211765,0.784314,0.682353)
(0.566997,10.615923,-0.546948)(0.620236,10.673756,-0.401695)(0.805399,10.435860,-0.401695)(0.211765,0.784314,0.682353)
(0.805399,10.435860,-0.401695)(0.620236,10.673756,-0.401695)(0.852562,10.461384,-0.245485)(0.211765,0.784314,0.682353)
(0.620236,10.673756,-0.401695)(0.656557,10.713211,-0.245485)(0.852562,10.461384,-0.245485)(0.211765,0.784314,0.682353)
(0.852562,10.461384,-0.245485)(0.656557,10.713211,-0.245485)(0.876470,10.474322,-0.082579)(0.211765,0.784314,0.682353)
(0.656557,10.713211,-0.245485)(0.674968,10.733211,-0.082579)(0.876470,10.474322,-0.082579)(0.211765,0.784314,0.682353)
(0.876470,10.474322,-0.082579)(0.674968,10.733211,-0.082579)(0.876470,10.474322,0.082579)(0.211765,0.784314,0.682353)
(0.674968,10.733211,-0.082579)(0.674968,10.733211,0.082579)(0.876470,10.474322,0.082579)(0.211765,0.784314,0.682353)
(0.876470,10.474322,0.082579)(0.674968,10.733211,0.082579)(0.852562,10.461384,0.245485)(0.211765,0.784314,0.682353)
(0.674968,10.733211,0.082579)(0.656557,10.713211,0.245485)(0.852562,10.461384,0.245485)(0.211765,0.784314,0.682353)
(0.852562,10.461384,0.245485)(0.656557,10.713211,0.245485)(0.805399,10.435860,0.401695)(0.211765,0.784314,0.682353)
(0.656557,10.713211,0.245485)(0.620236,10.673756,0.401695)(0.805399,10.435860,0.401695)(0.211765,0.784314,0.682353)
(0.805399,10.435860,0.401695)(0.620236,10.673756,0.401695)(0.736266,10.398447,0.546948)(0.211765,0.784314,0.682353)
(0.620236,10.673756,0.401695)(0.566997,10.615923,0.546948)(0.736266,10.398447,0.546948)(0.211765,0.784314,0.682353)
(0.736266,10.398447,0.546948)(0.566997,10.615923,0.546948)(0.647050,10.350166,0.677282)(0.211765,0.784314,0.682353)
(0.566997,10.615923,0.546948)(0.498292,10.541290,0.677282)(0.647050,10.350166,0.677282)(0.211765,0.784314,0.682353)
(0.647050,10.350166,0.677282)(0.498292,10.541290,0.677282)(0.540184,10.292333,0.789141)(0.211765,0.784314,0.682353)
(0.498292,10.541290,0.677282)(0.415995,10.451891,0.789141)(0.540184,10.292333,0.789141)(0.211765,0.784314,0.682353)
(0.540184,10.292333,0.789141)(0.415995,10.451891,0.789141)(0.418583,10.226526,0.879474)(0.211765,0.784314,0.682353)
(0.415995,10.451891,0.789141)(0.322350,10.350166,0.879474)(0.418583,10.226526,0.879474)(0.211765,0.784314,0.682353)
(0.418583,10.226526,0.879474)(0.322350,10.350166,0.879474)(0.285565,10.154540,0.945817)(0.211765,0.784314,0.682353)
(0.322350,10.350166,0.879474)(0.219913,10.238889,0.945817)(0.285565,10.154540,0.945817)(0.211765,0.784314,0.682353)
(0.285565,10.154540,0.945817)(0.219913,10.238889,0.945817)(0.144757,10.078338,0.986361)(0.211765,0.784314,0.682353)
(0.219913,10.238889,0.945817)(0.111477,10.121096,0.986361)(0.144757,10.078338,0.986361)(0.211765,0.784314,0.682353)
(0.144757,10.078338,0.986361)(0.111477,10.121096,0.986361)(0.000000,10.000000,1.000000)(0.211765,0.784314,0.682353)
(0.111477,10.121096,0.986361)(0.000000,10.000000,1.000000)(0.000000,10.000000,1.000000)(0.211765,0.784314,0.682353)
(0.000000,10.000000,-1.000000)(0.000000,10.000000,-1.000000)(0.111477,10.121096,-0.986361)(0.211765,0.784314,0.682353)
(0.000000,10.000000,-1.000000)(0.066117,10.150731,-0.986361)(0.111477,10.121096,-0.986361)(0.211765,0.784314,0.682353)
(0.111477,10.121096,-0.986361)(0.066117,10.150731,-0.986361)(0.219913,10.238889,-0.945817)(0.211765,0.784314,0.682353)
(0.066117,10.150731,-0.986361)(0.130430,10.297351,-0.945817)(0.219913,10.238889,-0.945817)(0.211765,0.784314,0.682353)
(0.219913,10.238889,-0.945817)(0.130430,10.297351,-0.945817)(0.322350,10.350166,-0.879474)(0.211765,0.784314,0.682353)
(0.130430,10.297351,-0.945817)(0.191186,10.435860,-0.879474)(0.322350,10.350166,-0.879474)(0.211765,0.784314,0.682353)
(0.322350,10.350166,-0.879474)(0.191186,10.435860,-0.879474)(0.415995,10.451891,-0.789141)(0.211765,0.784314,0.682353)
(0.191186,10.435860,-0.879474)(0.246726,10.562480,-0.789141)(0.415995,10.451891,-0.789141)(0.211765,0.784314,0.682353)
(0.415995,10.451891,-0.789141)(0.246726,10.562480,-0.789141)(0.498292,10.541290,-0.677282)(0.211765,0.784314,0.682353)
(0.246726,10.562480,-0.789141)(0.295537,10.673756,-0.677282)(0.498292,10.541290,-0.677282)(0.211765,0.784314,0.682353)
(0.498292,10.541290,-0.677282)(0.295537,10.673756,-0.677282)(0.566997,10.615923,-0.546948)(0.211765,0.784314,0.682353)
(0.295537,10.673756,-0.677282)(0.336286,10.766655,-0.546948)(0.566997,10.615923,-0.546948)(0.211765,0.784314,0.682353)
(0.566997,10.615923,-0.546948)(0.336286,10.766655,-0.546948)(0.620236,10.673756,-0.401695)(0.211765,0.784314,0.682353)
(0.336286,10.766655,-0.546948)(0.367862,10.838641,-0.401695)(0.620236,10.673756,-0.401695)(0.211765,0.784314,0.682353)
(0.620236,10.673756,-0.401695)(0.367862,10.838641,-0.401695)(0.656557,10.713211,-0.245485)(0.211765,0.784314,0.682353)
(0.367862,10.838641,-0.401695)(0.389404,10.887751,-0.245485)(0.656557,10.713211,-0.245485)(0.211765,0.784314,0.682353)
(0.656557,10.713211,-0.245485)(0.389404,10.887751,-0.245485)(0.674968,10.733211,-0.082579)(0.211765,0.784314,0.682353)
(0.389404,10.887751,-0.245485)(0.400323,10.912645,-0.082579)(0.674968,10.733211,-0.082579)(0.211765,0.784314,0.682353)
(0.674968,10.733211,-0.082579)(0.400323,10.912645,-0.082579)(0.674968,10.733211,0.082579)(0.211765,0.784314,0.682353)
(0.400323,10.912645,-0.082579)(0.400323,10.912645,0.082579)(0.674968,10.733211,0.082579)(0.211765,0.784314,0.682353)
(0.674968,10.733211,0.082579)(0.400323,10.912645,0.082579)(0.656557,10.713211,0.245485)(0.211765,0.784314,0.682353)
(0.400323,10.912645,0.082579)(0.389404,10.887751,0.245485)(0.656557,10.713211,0.245485)(0.211765,0.784314,0.682353)
(0.656557,10.713211,0.245485)(0.389404,10.887751,0.245485)(0.620236,10.673756,0.401695)(0.211765,0.784314,0.682353)
(0.389404,10.887751,0.245485)(0.367862,10.838641,0.401695)(0.620236,10.673756,0.401695)(0.211765,0.784314,0.682353)
(0.620236,10.673756,0.401695)(0.367862,10.838641,0.401695)(0.566997,10.615923,0.546948)(0.211765,0.784314,0.682353)
(0.367862,10.838641,0.401695)(0.336286,10.766655,0.546948)(0.566997,10.615923,0.546948)(0.211765,0.784314,0.682353)
(0.566997,10.615923,0.546948)(0.336286,10.766655,0.546948)(0.498292,10.541290,0.677282)(0.211765,0.784314,0.682353)
(0.336286,10.766655,0.546948)(0.295537,10.673756,0.677282)(0.498292,10.541290,0.677282)(0.211765,0.784314,0.682353)
(0.498292,10.541290,0.677282)(0.295537,10.673756,0.677282)(0.415995,10.451891,0.789141)(0.211765,0.784314,0.682353)
(0.295537,10.673756,0.677282)(0.246726,10.562480,0.789141)(0.415995,10.451891,0.789141)(0.211765,0.784314,0.682353)
(0.415995,10.451891,0.789141)(0.246726,10.562480,0.789141)(0.322350,10.350166,0.879474)(0.211765,0.784314,0.682353)
(0.246726,10.562480,0.789141)(0.191186,10.435860,0.879474)(0.322350,10.350166,0.879474)(0.211765,0.784314,0.682353)
(0.322350,10.350166,0.879474)(0.191186,10.435860,0.879474)(0.219913,10.238889,0.945817)(0.211765,0.784314,0.682353)
(0.191186,10.435860,0.879474)(0.130430,10.297351,0.945817)(0.219913,10.238889,0.945817)(0.211765,0.784314,0.682353)
(0.219913,10.238889,0.945817)(0.130430,10.297351,0.945817)(0.111477,10.121096,0.986361)(0.211765,0.784314,0.682353)
(0.130430,10.297351,0.945817)(0.066117,10.150731,0.986361)(0.111477,10.121096,0.986361)(0.211765,0.784314,0.682353)
(0.111477,10.121096,0.986361)(0.066117,10.150731,0.986361)(0.000000,10.000000,1.000000)(0.211765,0.784314,0.682353)
(0.066117,10.150731,0.986361)(0.000000,10.000000,1.000000)(0.000000,10.000000,1.000000)(0.211765,0.784314,0.682353)
(0.000000,10.000000,-1.000000)(0.000000,10.000000,-1.000000)(0.066117,10.150731,-0.986361)(0.211765,0.784314,0.682353)
(0.000000,10.000000,-1.000000)(0.013592,10.164032,-0.986361)(0.066117,10.150731,-0.986361)(0.211765,0.784314,0.682353)
(0.066117,10.150731,-0.986361)(0.013592,10.164032,-0.986361)(0.130430,10.297351,-0.945817)(0.211765,0.784314,0.682353)
(0.013592,10.164032,-0.986361)(0.026813,10.323590,-0.945817)(0.130430,10.297351,-0.945817)(0.211765,0.784314,0.682353)
(0.130430,10.297351,-0.945817)(0.026813,10.323590,-0.945817)(0.191186,10.435860,-0.879474)(0.211765,0.784314,0.682353)
(0.026813,10.323590,-0.945817)(0.039303,10.474322,-0.879474)(0.191186,10.435860,-0.879474)(0.211765,0.784314,0.682353)
(0.191186,10.435860,-0.879474)(0.039303,10.474322,-0.879474)(0.246726,10.562480,-0.789141)(0.211765,0.784314,0.682353)
(0.039303,10.474322,-0.879474)(0.050721,10.612115,-0.789141)(0.246726,10.562480,-0.789141)(0.211765,0.784314,0.682353)
(0.246726,10.562480,-0.789141)(0.050721,10.612115,-0.789141)(0.295537,10.673756,-0.677282)(0.211765,0.784314,0.682353)
(0.050721,10.612115,-0.789141)(0.060756,10.733211,-0.677282)(0.295537,10.673756,-0.677282)(0.211765,0.784314,0.682353)
(0.295537,10.673756,-0.677282)(0.060756,10.733211,-0.677282)(0.336286,10.766655,-0.546948)(0.211765,0.784314,0.682353)
(0.060756,10.733211,-0.677282)(0.069133,10.834307,-0.546948)(0.336286,10.766655,-0.546948)(0.211765,0.784314,0.682353)
(0.336286,10.766655,-0.546948)(0.069133,10.834307,-0.546948)(0.367862,10.838641,-0.401695)(0.211765,0.784314,0.682353)
(0.069133,10.834307,-0.546948)(0.075624,10.912645,-0.401695)(0.367862,10.838641,-0.401695)(0.211765,0.784314,0.682353)
(0.367862,10.838641,-0.401695)(0.075624,10.912645,-0.401695)(0.389404,10.887751,-0.245485)(0.211765,0.784314,0.682353)
(0.075624,10.912645,-0.401695)(0.080052,10.966089,-0.245485)(0.389404,10.887751,-0.245485)(0.211765,0.784314,0.682353)
(0.389404,10.887751,-0.245485)(0.080052,10.966089,-0.245485)(0.400323,10.912645,-0.082579)(0.211765,0.784314,0.682353)
(0.080052,10.966089,-0.245485)(0.082297,10.993181,-0.082579)(0.400323,10.912645,-0.082579)(0.211765,0.784314,0.682353)
(0.400323,10.912645,-0.082579)(0.082297,10.993181,-0.082579)(0.400323,10.912645,0.082579)(0.211765,0.784314,0.682353)
(0.082297,10.993181,-0.082579)(0.082297,10.993181,0.082579)(0.400323,10.912645,0.082579)(0.211765,0.784314,0.682353)
(0.400323,10.912645,0.082579)(0.082297,10.993181,0.082579)(0.389404,10.887751,0.245485)(0.211765,0.784314,0.682353)
(0.082297,10.993181,0.082579)(0.080052,10.966089,0.245485)(0.389404,10.887751,0.245485)(0.211765,0.784314,0.682353)
(0.389404,10.887751,0.245485)(0.080052,10.966089,0.245485)(0.367862,10.838641,0.401695)(0.211765,0.784314,0.682353)
(0.080052,10.966089,0.245485)(0.075624,10.912645,0.401695)(0.367862,10.838641,0.401695)(0.211765,0.784314,0.682353)
(0.367862,10.838641,0.401695)(0.075624,10.912645,0.401695)(0.336286,10.766655,0.546948)(0.211765,0.784314,0.682353)
(0.075624,10.912645,0.401695)(0.069133,10.834307,0.546948)(0.336286,10.766655,0.546948)(0.211765,0.784314,0.682353)
(0.336286,10.766655,0.546948)(0.069133,10.834307,0.546948)(0.295537,10.673756,0.677282)(0.211765,0.784314,0.682353)
(0.069133,10.834307,0.546948)(0.060756,10.733211,0.677282)(0.295537,10.673756,0.677282)(0.211765,0.784314,0.682353)
(0.295537,10.673756,0.677282)(0.060756,10.733211,0.677282)(0.246726,10.562480,0.789141)(0.211765,0.784314,0.682353)
(0.060756,10.733211,0.677282)(0.050721,10.612115,0.789141)(0.246726,10.562480,0.789141)(0.211765,0.784314,0.682353)
(0.246726,10.562480,0.789141)(0.050721,10.612115,0.789141)(0.191186,10.435860,0.879474)(0.211765,0.784314,0.682353)
(0.050721,10.612115,0.789141)(0.039303,10.474322,0.879474)(0.191186,10.435860,0.879474)(0.211765,0.784314,0.682353)
(0.191186,10.435860,0.879474)(0.039303,10.474322,0.879474)(0.130430,10.297351,0.945817)(0.211765,0.784314,0.682353)
(0.039303,10.474322,0.879474)(0.026813,10.323590,0.945817)(0.130430,10.297351,0.945817)(0.211765,0.784314,0.682353)
(0.130430,10.297351,0.945817)(0.026813,10.323590,0.945817)(0.066117,10.150731,0.986361)(0.211765,0.784314,0.682353)
(0.026813,10.323590,0.945817)(0.013592,10.164032,0.986361)(0.066117,10.150731,0.986361)(0.211765,0.784314,0.682353)
(0.066117,10.150731,0.986361)(0.013592,10.164032,0.986361)(0.000000,10.000000,1.000000)(0.211765,0.784314,0.682353)
(0.013592,10.164032,0.986361)(0.000000,10.000000,1.000000)(0.000000,10.000000,1.000000)(0.211765,0.784314,0.682353)
(0.000000,10.000000,-1.000000)(-0.000000,10.000000,-1.000000)(0.013592,10.164032,-0.986361)(0.211765,0.784314,0.682353)
(-0.000000,10.000000,-1.000000)(-0.040406,10.159558,-0.986361)(0.013592,10.164032,-0.986361)(0.211765,0.784314,0.682353)
(0.013592,10.164032,-0.986361)(-0.040406,10.159558,-0.986361)(0.026813,10.323590,-0.945817)(0.211765,0.784314,0.682353)
(-0.040406,10.159558,-0.986361)(-0.079709,10.314764,-0.945817)(0.026813,10.323590,-0.945817)(0.211765,0.784314,0.682353)
(0.026813,10.323590,-0.945817)(-0.079709,10.314764,-0.945817)(0.039303,10.474322,-0.879474)(0.211765,0.784314,0.682353)
(-0.079709,10.314764,-0.945817)(-0.116838,10.461384,-0.879474)(0.039303,10.474322,-0.879474)(0.211765,0.784314,0.682353)
(0.039303,10.474322,-0.879474)(-0.116838,10.461384,-0.879474)(0.050721,10.612115,-0.789141)(0.211765,0.784314,0.682353)
(-0.116838,10.461384,-0.879474)(-0.150780,10.595418,-0.789141)(0.050721,10.612115,-0.789141)(0.211765,0.784314,0.682353)
(0.050721,10.612115,-0.789141)(-0.150780,10.595418,-0.789141)(0.060756,10.733211,-0.677282)(0.211765,0.784314,0.682353)
(-0.150780,10.595418,-0.789141)(-0.180610,10.713211,-0.677282)(0.060756,10.733211,-0.677282)(0.211765,0.784314,0.682353)
(0.060756,10.733211,-0.677282)(-0.180610,10.713211,-0.677282)(0.069133,10.834307,-0.546948)(0.211765,0.784314,0.682353)
(-0.180610,10.713211,-0.677282)(-0.205512,10.811549,-0.546948)(0.069133,10.834307,-0.546948)(0.211765,0.784314,0.682353)
(0.069133,10.834307,-0.546948)(-0.205512,10.811549,-0.546948)(0.075624,10.912645,-0.401695)(0.211765,0.784314,0.682353)
(-0.205512,10.811549,-0.546948)(-0.224809,10.887751,-0.401695)(0.075624,10.912645,-0.401695)(0.211765,0.784314,0.682353)
(0.075624,10.912645,-0.401695)(-0.224809,10.887751,-0.401695)(0.080052,10.966089,-0.245485)(0.211765,0.784314,0.682353)
(-0.224809,10.887751,-0.401695)(-0.237974,10.939737,-0.245485)(0.080052,10.966089,-0.245485)(0.211765,0.784314,0.682353)
(0.080052,10.966089,-0.245485)(-0.237974,10.939737,-0.245485)(0.082297,10.993181,-0.082579)(0.211765,0.784314,0.682353)
(-0.237974,10.939737,-0.245485)(-0.244647,10.966089,-0.082579)(0.082297,10.993181,-0.082579)(0.211765,0.784314,0.682353)
(0.082297,10.993181,-0.082579)(-0.244647,10.966089,-0.082579)(0.082297,10.993181,0.082579)(0.211765,0.784314,0.682353)
(-0.244647,10.966089,-0.082579)(-0.244647,10.966089,0.082579)(0.082297,10.993181,0.082579)(0.211765,0.784314,0.682353)
(0.082297,10.993181,0.082579)(-0.244647,10.966089,0.082579)(0.080052,10.966089,0.245485)(0.211765,0.784314,0.682353)
(-0.244647,10.966089,0.082579)(-0.237974,10.939737,0.245485)(0.080052,10.966089,0.245485)(0.211765,0.784314,0.682353)
(0.080052,10.966089,0.245485)(-0.237974,10.939737,0.245485)(0.075624,10.912645,0.401695)(0.211765,0.784314,0.682353)
(-0.237974,10.939737,0.245485)(-0.224809,10.887751,0.401695)(0.075624,10.912645,0.401695)(0.211765,0.784314,0.682353)
(0.075624,10.912645,0.401695)(-0.224809,10.887751,0.401695)(0.069133,10.834307,0.546948)(0.211765,0.784314,0.682353)
(-0.224809,10.887751,0.401695)(-0.205512,10.811549,0.546948)(0.069133,10.834307,0.546948)(0.211765,0.784314,0.682353)
(0.069133,10.834307,0.546948)(-0.205512,10.811549,0.546948)(0.060756,10.733211,0.677282)(0.211765,0.784314,0.682353)
(-0.205512,10.811549,0.546948)(-0.180610,10.713211,0.677282)(0.060756,10.733211,0.677282)(0.211765,0.784314,0.682353)
(0.060756,10.733211,0.677282)(-0.180610,10.713211,0.677282)(0.050721,10.612115,0.789141)(0.211765,0.784314,0.682353)
(-0.180610,10.713211,0.677282)(-0.150780,10.595418,0.789141)(0.050721,10.612115,0.789141)(0.211765,0.784314,0.682353)
(0.050721,10.612115,0.789141)(-0.150780,10.595418,0.789141)(0.039303,10.474322,0.879474)(0.211765,0.784314,0.682353)
(-0.150780,10.595418,0.789141)(-0.116838,10.461384,0.879474)(0.039303,10.474322,0.879474)(0.211765,0.784314,0.682353)
(0.039303,10.474322,0.879474)(-0.116838,10.461384,0.879474)(0.026813,10.323590,0.945817)(0.211765,0.784314,0.682353)
(-0.116838,10.461384,0.879474)(-0.079709,10.314764,0.945817)(0.026813,10.323590,0.945817)(0.211765,0.784314,0.682353)
(0.026813,10.323590,0.945817)(-0.079709,10.314764,0.945817)(0.013592,10.164032,0.986361)(0.211765,0.784314,0.682353)
(-0.079709,10.314764,0.945817)(-0.040406,10.159558,0.986361)(0.013592,10.164032,0.986361)(0.211765,0.784314,0.682353)
(0.013592,10.164032,0.986361)(-0.040406,10.159558,0.986361)(0.000000,10.000000,1.000000)(0.211765,0.784314,0.682353)
(-0.040406,10.159558,0.986361)(-0.000000,10.000000,1.000000)(0.000000,10.000000,1.000000)(0.211765,0.784314,0.682353)
(-0.000000,10.000000,-1.000000)(-0.000000,10.000000,-1.000000)(-0.040406,10.159558,-0.986361)(0.211765,0.784314,0.682353)
(-0.000000,10.000000,-1.000000)(-0.090025,10.137793,-0.986361)(-0.040406,10.159558,-0.986361)(0.211765,0.784314,0.682353)
(-0.040406,10.159558,-0.986361)(-0.090025,10.137793,-0.986361)(-0.079709,10.314764,-0.945817)(0.211765,0.784314,0.682353)
(-0.090025,10.137793,-0.986361)(-0.177594,10.271828,-0.945817)(-0.079709,10.314764,-0.945817)(0.211765,0.784314,0.682353)
(-0.079709,10.314764,-0.945817)(-0.177594,10.271828,-0.945817)(-0.116838,10.461384,-0.879474)(0.211765,0.784314,0.682353)
(-0.177594,10.271828,-0.945817)(-0.260319,10.398447,-0.879474)(-0.116838,10.461384,-0.879474)(0.211765,0.784314,0.682353)
(-0.116838,10.461384,-0.879474)(-0.260319,10.398447,-0.879474)(-0.150780,10.595418,-0.789141)(0.211765,0.784314,0.682353)
(-0.260319,10.398447,-0.879474)(-0.335943,10.514198,-0.789141)(-0.150780,10.595418,-0.789141)(0.211765,0.784314,0.682353)
(-0.150780,10.595418,-0.789141)(-0.335943,10.514198,-0.789141)(-0.180610,10.713211,-0.677282)(0.211765,0.784314,0.682353)
(-0.335943,10.514198,-0.789141)(-0.402403,10.615923,-0.677282)(-0.180610,10.713211,-0.677282)(0.211765,0.784314,0.682353)
(-0.180610,10.713211,-0.677282)(-0.402403,10.615923,-0.677282)(-0.205512,10.811549,-0.546948)(0.211765,0.784314,0.682353)
(-0.402403,10.615923,-0.677282)(-0.457887,10.700848,-0.546948)(-0.205512,10.811549,-0.546948)(0.211765,0.784314,0.682353)
(-0.205512,10.811549,-0.546948)(-0.457887,10.700848,-0.546948)(-0.224809,10.887751,-0.401695)(0.211765,0.784314,0.682353)
(-0.457887,10.700848,-0.546948)(-0.500881,10.766655,-0.401695)(-0.224809,10.887751,-0.401695)(0.211765,0.784314,0.682353)
(-0.224809,10.887751,-0.401695)(-0.500881,10.766655,-0.401695)(-0.237974,10.939737,-0.245485)(0.211765,0.784314,0.682353)
(-0.500881,10.766655,-0.401695)(-0.530212,10.811549,-0.245485)(-0.237974,10.939737,-0.245485)(0.211765,0.784314,0.682353)
(-0.237974,10.939737,-0.245485)(-0.530212,10.811549,-0.245485)(-0.244647,10.966089,-0.082579)(0.211765,0.784314,0.682353)
(-0.530212,10.811549,-0.245485)(-0.545080,10.834307,-0.082579)(-0.244647,10.966089,-0.082579)(0.211765,0.784314,0.682353)
(-0.244647,10.966089,-0.082579)(-0.545080,10.834307,-0.082579)(-0.244647,10.966089,0.082579)(0.211765,0.784314,0.682353)
(-0.545080,10.834307,-0.082579)(-0.545080,10.834307,0.082579)(-0.244647,10.966089,0.082579)(0.211765,0.784314,0.682353)
(-0.244647,10.966089,0.082579)(-0.545080,10.834307,0.082579)(-0.237974,10.939737,0.245485)(0.211765,0.784314,0.682353)
(-0.545080,10.834307,0.082579)(-0.530212,10.811549,0.245485)(-0.237974,10.939737,0.245485)(0.211765,0.784314,0.682353)
(-0.237974,10.939737,0.245485)(-0.530212,10.811549,0.245485)(-0.224809,10.887751,0.401695)(0.211765,0.784314,0.682353)
(-0.530212,10.811549,0.245485)(-0.500881,10.766655,0.401695)(-0.224809,10.887751,0.401695)(0.211765,0.784314,0.682353)
(-0.224809,10.887751,0.401695)(-0.500881,10.766655,0.401695)(-0.205512,10.811549,0.546948)(0.211765,0.784314,0.682353)
(-0.500881,10.766655,0.401695)(-0.457887,10.700848,0.546948)(-0.205512,10.811549,0.546948)(0.211765,0.784314,0.682353)
(-0.205512,10.811549,0.546948)(-0.457887,10.700848,0.546948)(-0.180610,10.713211,0.677282)(0.211765,0.784314,0.682353)
(-0.457887,10.700848,0.546948)(-0.402403,10.615923,0.677282)(-0.180610,10.713211,0.677282)(0.211765,0.784314,0.682353)
(-0.180610,10.713211,0.677282)(-0.402403,10.615923,0.677282)(-0.150780,10.595418,0.789141)(0.211765,0.784314,0.682353)
(-0.402403,10.615923,0.677282)(-0.335943,10.514198,0.789141)(-0.150780,10.595418,0.789141)(0.211765,0.784314,0.682353)
(-0.150780,10.595418,0.789141)(-0.335943,10.514198,0.789141)(-0.116838,10.461384,0.879474)(0.211765,0.784314,0.682353)
(-0.335943,10.514198,0.789141)(-0.260319,10.398447,0.879474)(-0.116838,10.461384,0.879474)(0.211765,0.784314,0.682353)
(-0.116838,10.461384,0.879474)(-0.260319,10.398447,0.879474)(-0.079709,10.314764,0.945817)(0.211765,0.784314,0.682353)
(-0.260319,10.398447,0.879474)(-0.177594,10.271828,0.945817)(-0.079709,10.314764,0.945817)(0.211765,0.784314,0.682353)
(-0.079709,10.314764,0.945817)(-0.177594,10.271828,0.945817)(-0.040406,10.159558,0.986361)(0.211765,0.784314,0.682353)
(-0.177594,10.271828,0.945817)(-0.090025,10.137793,0.986361)(-0.040406,10.159558,0.986361)(0.211765,0.784314,0.682353)
(-0.040406,10.159558,0.986361)(-0.090025,10.137793,0.986361)(-0.000000,10.000000,1.000000)(0.211765,0.784314,0.682353)
(-0.090025,10.137793,0.986361)(-0.000000,10.000000,1.000000)(-0.000000,10.000000,1.000000)(0.211765,0.784314,0.682353)
(-0.000000,10.000000,-1.000000)(-0.000000,10.000000,-1.000000)(-0.090025,10.137793,-0.986361)(0.211765,0.784314,0.682353)
(-0.000000,10.000000,-1.000000)(-0.129888,10.101096,-0.986361)(-0.090025,10.137793,-0.986361)(0.211765,0.784314,0.682353)
(-0.090025,10.137793,-0.986361)(-0.129888,10.101096,-0.986361)(-0.177594,10.271828,-0.945817)(0.211765,0.784314,0.682353)
(-0.129888,10.101096,-0.986361)(-0.256234,10.199435,-0.945817)(-0.177594,10.271828,-0.945817)(0.211765,0.784314,0.682353)
(-0.177594,10.271828,-0.945817)(-0.256234,10.199435,-0.945817)(-0.260319,10.398447,-0.879474)(0.211765,0.784314,0.682353)
(-0.256234,10.199435,-0.945817)(-0.375589,10.292333,-0.879474)(-0.260319,10.398447,-0.879474)(0.211765,0.784314,0.682353)
(-0.260319,10.398447,-0.879474)(-0.375589,10.292333,-0.879474)(-0.335943,10.514198,-0.789141)(0.211765,0.784314,0.682353)
(-0.375589,10.292333,-0.879474)(-0.484700,10.377257,-0.789141)(-0.335943,10.514198,-0.789141)(0.211765,0.784314,0.682353)
(-0.335943,10.514198,-0.789141)(-0.484700,10.377257,-0.789141)(-0.402403,10.615923,-0.677282)(0.211765,0.784314,0.682353)
(-0.484700,10.377257,-0.789141)(-0.580590,10.451891,-0.677282)(-0.402403,10.615923,-0.677282)(0.211765,0.784314,0.682353)
(-0.402403,10.615923,-0.677282)(-0.580590,10.451891,-0.677282)(-0.457887,10.700848,-0.546948)(0.211765,0.784314,0.682353)
(-0.580590,10.451891,-0.677282)(-0.660642,10.514198,-0.546948)(-0.457887,10.700848,-0.546948)(0.211765,0.784314,0.682353)
(-0.457887,10.700848,-0.546948)(-0.660642,10.514198,-0.546948)(-0.500881,10.766655,-0.401695)(0.211765,0.784314,0.682353)
(-0.660642,10.514198,-0.546948)(-0.722674,10.562480,-0.401695)(-0.500881,10.766655,-0.401695)(0.211765,0.784314,0.682353)
(-0.500881,10.766655,-0.401695)(-0.722674,10.562480,-0.401695)(-0.530212,10.811549,-0.245485)(0.211765,0.784314,0.682353)
(-0.722674,10.562480,-0.401695)(-0.764993,10.595418,-0.245485)(-0.530212,10.811549,-0.245485)(0.211765,0.784314,0.682353)
(-0.530212,10.811549,-0.245485)(-0.764993,10.595418,-0.245485)(-0.545080,10.834307,-0.082579)(0.211765,0.784314,0.682353)
(-0.764993,10.595418,-0.245485)(-0.786445,10.612115,-0.082579)(-0.545080,10.834307,-0.082579)(0.211765,0.784314,0.682353)
(-0.545080,10.834307,-0.082579)(-0.786445,10.612115,-0.082579)(-0.545080,10.834307,0.082579)(0.211765,0.784314,0.682353)
(-0.786445,10.612115,-0.082579)(-0.786445,10.612115,0.082579)(-0.545080,10.834307,0.082579)(0.211765,0.784314,0.682353)
(-0.545080,10.834307,0.082579)(-0.786445,10.612115,0.082579)(-0.530212,10.811549,0.245485)(0.211765,0.784314,0.682353)
(-0.786445,10.612115,0.082579)(-0.764993,10.595418,0.245485)(-0.530212,10.811549,0.245485)(0.211765,0.784314,0.682353)
(-0.530212,10.811549,0.245485)(-0.764993,10.595418,0.245485)(-0.500881,10.766655,0.401695)(0.211765,0.784314,0.682353)
(-0.764993,10.595418,0.245485)(-0.722674,10.562480,0.401695)(-0.500881,10.766655,0.401695)(0.211765,0.784314,0.682353)
(-0.500881,10.766655,0.401695)(-0.722674,10.562480,0.401695)(-0.457887,10.700848,0.546948)(0.211765,0.784314,0.682353)
(-0.722674,10.562480,0.401695)(-0.660642,10.514198,0.546948)(-0.457887,10.700848,0.546948)(0.211765,0.784314,0.682353)
(-0.457887,10.700848,0.546948)(-0.660642,10.514198,0.546948)(-0.402403,10.615923,0.677282)(0.211765,0.784314,0.682353)
(-0.660642,10.514198,0.546948)(-0.580590,10.451891,0.677282)(-0.402403,10.615923,0.677282)(0.211765,0.784314,0.682353)
(-0.402403,10.615923,0.677282)(-0.580590,10.451891,0.677282)(-0.335943,10.514198,0.789141)(0.211765,0.784314,0.682353)
(-0.580590,10.451891,0.677282)(-0.484700,10.377257,0.789141)(-0.335943,10.514198,0.789141)(0.211765,0.784314,0.682353)
(-0.335943,10.514198,0.789141)(-0.484700,10.377257,0.789141)(-0.260319,10.398447,0.879474)(0.211765,0.784314,0.682353)
(-0.484700,10.377257,0.789141)(-0.375589,10.292333,0.879474)(-0.260319,10.398447,0.879474)(0.211765,0.784314,0.682353)
(-0.260319,10.398447,0.879474)(-0.375589,10.292333,0.879474)(-0.177594,10.271828,0.945817)(0.211765,0.784314,0.682353)
(-0.375589,10.292333,0.879474)(-0.256234,10.199435,0.945817)(-0.177594,10.271828,0.945817)(0.211765,0.784314,0.682353)
(-0.177594,10.271828,0.945817)(-0.256234,10.199435,0.945817)(-0.090025,10.137793,0.986361)(0.211765,0.784314,0.682353)
(-0.256234,10.199435,0.945817)(-0.129888,10.101096,0.986361)(-0.090025,10.137793,0.986361)(0.211765,0.784314,0.682353)
(-0.090025,10.137793,0.986361)(-0.129888,10.101096,0.986361)(-0.000000,10.000000,1.000000)(0.211765,0.784314,0.682353)
(-0.129888,10.101096,0.986361)(-0.000000,10.000000,1.000000)(-0.000000,10.000000,1.000000)(0.211765,0.784314,0.682353)
(-0.000000,10.000000,-1.000000)(-0.000000,10.000000,-1.000000)(-0.129888,10.101096,-0.986361)(0.211765,0.784314,0.682353)
(-0.000000,10.000000,-1.000000)(-0.155676,10.053444,-0.986361)(-0.129888,10.101096,-0.986361)(0.211765,0.784314,0.682353)
(-0.129888,10.101096,-0.986361)(-0.155676,10.053444,-0.986361)(-0.256234,10.199435,-0.945817)(0.211765,0.784314,0.682353)
(-0.155676,10.053444,-0.986361)(-0.307106,10.105430,-0.945817)(-0.256234,10.199435,-0.945817)(0.211765,0.784314,0.682353)
(-0.256234,10.199435,-0.945817)(-0.307106,10.105430,-0.945817)(-0.375589,10.292333,-0.879474)(0.211765,0.784314,0.682353)
(-0.307106,10.105430,-0.945817)(-0.450159,10.154540,-0.879474)(-0.375589,10.292333,-0.879474)(0.211765,0.784314,0.682353)
(-0.375589,10.292333,-0.879474)(-0.450159,10.154540,-0.879474)(-0.484700,10.377257,-0.789141)(0.211765,0.784314,0.682353)
(-0.450159,10.154540,-0.879474)(-0.580933,10.199435,-0.789141)(-0.484700,10.377257,-0.789141)(0.211765,0.784314,0.682353)
(-0.484700,10.377257,-0.789141)(-0.580933,10.199435,-0.789141)(-0.580590,10.451891,-0.677282)(0.211765,0.784314,0.682353)
(-0.580933,10.199435,-0.789141)(-0.695860,10.238889,-0.677282)(-0.580590,10.451891,-0.677282)(0.211765,0.784314,0.682353)
(-0.580590,10.451891,-0.677282)(-0.695860,10.238889,-0.677282)(-0.660642,10.514198,-0.546948)(0.211765,0.784314,0.682353)
(-0.695860,10.238889,-0.677282)(-0.791806,10.271828,-0.546948)(-0.660642,10.514198,-0.546948)(0.211765,0.784314,0.682353)
(-0.660642,10.514198,-0.546948)(-0.791806,10.271828,-0.546948)(-0.722674,10.562480,-0.401695)(0.211765,0.784314,0.682353)
(-0.791806,10.271828,-0.546948)(-0.866154,10.297351,-0.401695)(-0.722674,10.562480,-0.401695)(0.211765,0.784314,0.682353)
(-0.722674,10.562480,-0.401695)(-0.866154,10.297351,-0.401695)(-0.764993,10.595418,-0.245485)(0.211765,0.784314,0.682353)
(-0.866154,10.297351,-0.401695)(-0.916875,10.314764,-0.245485)(-0.764993,10.595418,-0.245485)(0.211765,0.784314,0.682353)
(-0.764993,10.595418,-0.245485)(-0.916875,10.314764,-0.245485)(-0.786445,10.612115,-0.082579)(0.211765,0.784314,0.682353)
(-0.916875,10.314764,-0.245485)(-0.942587,10.323590,-0.082579)(-0.786445,10.612115,-0.082579)(0.211765,0.784314,0.682353)
(-0.786445,10.612115,-0.082579)(-0.942587,10.323590,-0.082579)(-0.786445,10.612115,0.082579)(0.211765,0.784314,0.682353)
(-0.942587,10.323590,-0.082579)(-0.942587,10.323590,0.082579)(-0.786445,10.612115,0.082579)(0.211765,0.784314,0.682353)
(-0.786445,10.612115,0.082579)(-0.942587,10.323590,0.082579)(-0.764993,10.595418,0.245485)(0.211765,0.784314,0.682353)
(-0.942587,10.323590,0.082579)(-0.916875,10.314764,0.245485)(-0.764993,10.595418,0.245485)(0.211765,0.784314,0.682353)
(-0.764993,10.595418,0.245485)(-0.916875,10.314764,0.245485)(-0.722674,10.562480,0.401695)(0.211765,0.784314,0.682353)
(-0.916875,10.314764,0.245485)(-0.866154,10.297351,0.401695)(-0.722674,10.562480,0.401695)(0.211765,0.784314,0.682353)
(-0.722674,10.562480,0.401695)(-0.866154,10.297351,0.401695)(-0.660642,10.514198,0.546948)(0.211765,0.784314,0.682353)
(-0.866154,10.297351,0.401695)(-0.791806,10.271828,0.546948)(-0.660642,10.514198,0.546948)(0.211765,0.784314,0.682353)
(-0.660642,10.514198,0.546948)(-0.791806,10.271828,0.546948)(-0.580590,10.451891,0.677282)(0.211765,0.784314,0.682353)
(-0.791806,10.271828,0.546948)(-0.695860,10.238889,0.677282)(-0.580590,10.451891,0.677282)(0.211765,0.784314,0.682353)
(-0.580590,10.451891,0.677282)(-0.695860,10.238889,0.677282)(-0.484700,10.377257,0.789141)(0.211765,0.784314,0.682353)
(-0.695860,10.238889,0.677282)(-0.580933,10.199435,0.789141)(-0.484700,10.377257,0.789141)(0.211765,0.784314,0.682353)
(-0.484700,10.377257,0.789141)(-0.580933,10.199435,0.789141)(-0.375589,10.292333,0.879474)(0.211765,0.784314,0.682353)
(-0.580933,10.199435,0.789141)(-0.450159,10.154540,0.879474)(-0.375589,10.292333,0.879474)(0.211765,0.784314,0.682353)
(-0.375589,10.292333,0.879474)(-0.450159,10.154540,0.879474)(-0.256234,10.199435,0.945817)(0.211765,0.784314,0.682353)
(-0.450159,10.154540,0.879474)(-0.307106,10.105430,0.945817)(-0.256234,10.199435,0.945817)(0.211765,0.784314,0.682353)
(-0.256234,10.199435,0.945817)(-0.307106,10.105430,0.945817)(-0.129888,10.101096,0.986361)(0.211765,0.784314,0.682353)
(-0.307106,10.105430,0.945817)(-0.155676,10.053444,0.986361)(-0.129888,10.101096,0.986361)(0.211765,0.784314,0.682353)
(-0.129888,10.101096,0.986361)(-0.155676,10.053444,0.986361)(-0.000000,10.000000,1.000000)(0.211765,0.784314,0.682353)
(-0.155676,10.053444,0.986361)(-0.000000,10.000000,1.000000)(-0.000000,10.000000,1.000000)(0.211765,0.784314,0.682353)
(-0.000000,10.000000,-1.000000)(-0.000000,10.000000,-1.000000)(-0.155676,10.053444,-0.986361)(0.211765,0.784314,0.682353)
(-0.000000,10.000000,-1.000000)(-0.164595,10.000000,-0.986361)(-0.155676,10.053444,-0.986361)(0.211765,0.784314,0.682353)
(-0.155676,10.053444,-0.986361)(-0.164595,10.000000,-0.986361)(-0.307106,10.105430,-0.945817)(0.211765,0.784314,0.682353)
(-0.164595,10.000000,-0.986361)(-0.324699,10.000000,-0.945817)(-0.307106,10.105430,-0.945817)(0.211765,0.784314,0.682353)
(-0.307106,10.105430,-0.945817)(-0.324699,10.000000,-0.945817)(-0.450159,10.154540,-0.879474)(0.211765,0.784314,0.682353)
(-0.324699,10.000000,-0.945817)(-0.475947,10.000000,-0.879474)(-0.450159,10.154540,-0.879474)(0.211765,0.784314,0.682353)
(-0.450159,10.154540,-0.879474)(-0.475947,10.000000,-0.879474)(-0.580933,10.199435,-0.789141)(0.211765,0.784314,0.682353)
(-0.475947,10.000000,-0.879474)(-0.614213,10.000000,-0.789141)(-0.580933,10.199435,-0.789141)(0.211765,0.784314,0.682353)
(-0.580933,10.199435,-0.789141)(-0.614213,10.000000,-0.789141)(-0.695860,10.238889,-0.677282)(0.211765,0.784314,0.682353)
(-0.614213,10.000000,-0.789141)(-0.735724,10.000000,-0.677282)(-0.695860,10.238889,-0.677282)(0.211765,0.784314,0.682353)
(-0.695860,10.238889,-0.677282)(-0.735724,10.000000,-0.677282)(-0.791806,10.271828,-0.546948)(0.211765,0.784314,0.682353)
(-0.735724,10.000000,-0.677282)(-0.837166,10.000000,-0.546948)(-0.791806,10.271828,-0.546948)(0.211765,0.784314,0.682353)
(-0.791806,10.271828,-0.546948)(-0.837166,10.000000,-0.546948)(-0.866154,10.297351,-0.401695)(0.211765,0.784314,0.682353)
(-0.837166,10.000000,-0.546948)(-0.915773,10.000000,-0.401695)(-0.866154,10.297351,-0.401695)(0.211765,0.784314,0.682353)
(-0.866154,10.297351,-0.401695)(-0.915773,10.000000,-0.401695)(-0.916875,10.314764,-0.245485)(0.211765,0.784314,0.682353)
(-0.915773,10.000000,-0.401695)(-0.969400,10.000000,-0.245485)(-0.916875,10.314764,-0.245485)(0.211765,0.784314,0.682353)
(-0.916875,10.314764,-0.245485)(-0.969400,10.000000,-0.245485)(-0.942587,10.323590,-0.082579)(0.211765,0.784314,0.682353)
(-0.969400,10.000000,-0.245485)(-0.996584,10.000000,-0.082579)(-0.942587,10.323590,-0.082579)(0.211765,0.784314,0.682353)
(-0.942587,10.323590,-0.082579)(-0.996584,10.000000,-0.082579)(-0.942587,10.323590,0.082579)(0.211765,0.784314,0.682353)
(-0.996584,10.000000,-0.082579)(-0.996584,10.000000,0.082579)(-0.942587,10.323590,0.082579)(0.211765,0.784314,0.682353)
(-0.942587,10.323590,0.082579)(-0.996584,10.000000,0.082579)(-0.916875,10.314764,0.245485)(0.211765,0.784314,0.682353)
(-0.996584,10.000000,0.082579)(-0.969400,10.000000,0.245485)(-0.916875,10.314764,0.245485)(0.211765,0.784314,0.682353)
(-0.916875,10.314764,0.245485)(-0.969400,10.000000,0.245485)(-0.866154,10.297351,0.401695)(0.211765,0.784314,0.682353)
(-0.969400,10.000000,0.245485)(-0.915773,10.000000,0.401695)(-0.866154,10.297351,0.401695)(0.211765,0.784314,0.682353)
(-0.866154,10.297351,0.401695)(-0.915773,10.000000,0.401695)(-0.791806,10.271828,0.546948)(0.211765,0.784314,0.682353)
(-0.915773,10.000000,0.401695)(-0.837166,10.000000,0.546948)(-0.791806,10.271828,0.546948)(0.211765,0.784314,0.682353)
(-0.791806,10.271828,0.546948)(-0.837166,10.000000,0.546948)(-0.695860,10.238889,0.677282)(0.211765,0.784314,0.682353)
(-0.837166,10.000000,0.546948)(-0.735724,10.000000,0.677282)(-0.695860,10.238889,0.677282)(0.211765,0.784314,0.682353)
(-0.695860,10.238889,0.677282)(-0.735724,10.000000,0.677282)(-0.580933,10.199435,0.789141)(0.211765,0.784314,0.682353)
(-0.735724,10.000000,0.677282)(-0.614213,10.000000,0.789141)(-0.580933,10.199435,0.789141)(0.211765,0.784314,0.682353)
(-0.580933,10.199435,0.789141)(-0.614213,10.000000,0.789141)(-0.450159,10.154540,0.879474)(0.211765,0.784314,0.682353)
(-0.614213,10.000000,0.789141)(-0.475947,10.000000,0.879474)(-0.450159,10.154540,0.879474)(0.211765,0.784314,0.682353)
(-0.450159,10.154540,0.879474)(-0.475947,10.000000,0.879474)(-0.307106,10.105430,0.945817)(0.211765,0.784314,0.682353)
(-0.475947,10.000000,0.879474)(-0.324699,10.000000,0.945817)(-0.307106,10.105430,0.945817)(0.211765,0.784314,0.682353)
(-0.307106,10.105430,0.945817)(-0.324699,10.000000,0.945817)(-0.155676,10.053444,0.986361)(0.211765,0.784314,0.682353)
(-0.324699,10.000000,0.945817)(-0.164595,10.000000,0.986361)(-0.155676,10.053444,0.986361)(0.211765,0.784314,0.682353)
(-0.155676,10.053444,0.986361)(-0.164595,10.000000,0.986361)(-0.000000,10.000000,1.000000)(0.211765,0.784314,0.682353)
(-0.164595,10.000000,0.986361)(-0.000000,10.000000,1.000000)(-0.000000,10.000000,1.000000)(0.211765,0.784314,0.682353)

