points: edge0
(0.000000,0.000000,0.000000)
points: edge1
(0.020000,0.000000,0.000000)
points: edge2
(0.040000,0.000000,0.000000)
points: edge3
(0.060000,0.000000,0.000000)
points: edge4
(0.080000,0.000000,0.000000)
points: edge5
(0.100000,0.000000,0.000000)
points: edge6
(0.120000,0.000000,0.000000)
points: edge7
(0.140000,0.000000,0.000000)
points: edge8
(0.160000,0.000000,0.000000)
points: edge9
(0.180000,0.000000,0.000000)
points: edge10
(0.200000,0.000000,0.000000)
points: edge11
(0.220000,0.000000,0.000000)
points: edge12
(0.240000,0.000000,0.000000)
points: edge13
(0.260000,0.000000,0.000000)
points: edge14
(0.280000,0.000000,0.000000)
points: edge15
(0.300000,0.000000,0.000000)
points: edge16
(0.320000,0.000000,0.000000)
points: edge17
(0.340000,0.000000,0.000000)
points: edge18
(0.360000,0.000000,0.000000)
points: edge19
(0.380000,0.000000,0.000000)
points: edge20
(0.400000,0.000000,0.000000)
points: edge21
(0.420000,0.000000,0.000000)
points: edge22
(0.440000,0.000000,0.000000)
points: edge23
(0.460000,0.000000,0.000000)
points: edge24
(0.480000,0.000000,0.000000)
points: edge25
(0.500000,0.000000,0.000000)
points: edge26
(0.520000,0.000000,0.000000)
points: edge27
(0.540000,0.000000,0.000000)
points: edge28
(0.560000,0.000000,0.000000)
points: edge29
(0.580000,0.000000,0.000000)
points: edge30
(0.600000,0.000000,0.000000)
points: edge31
(0.620000,0.000000,0.000000)
points: edge32
(0.640000,0.000000,0.000000)
points: edge33
(0.660000,0.000000,0.000000)
points: edge34
(0.680000,0.000000,0.000000)
points: edge35
(0.700000,0.000000,0.000000)
points: edge36
(0.720000,0.000000,0.000000)
points: edge37
(0.740000,0.000000,0.000000)
points: edge38
(0.760000,0.000000,0.000000)
points: edge39
(0.780000,0.000000,0.000000)
points: edge40
(0.800000,0.000000,0.000000)
points: edge41
(0.820000,0.000000,0.000000)
points: edge42
(0.840000,0.000000,0.000000)
points: edge43
(0.860000,0.000000,0.000000)
points: edge44
(0.880000,0.000000,0.000000)
points: edge45
(0.900000,0.000000,0.000000)
points: edge46
(0.920000,0.000000,0.000000)
points: edge47
(0.940000,0.000000,0.000000)
points: edge48
(0.960000,0.000000,0.000000)
points: edge49
(0.980000,0.000000,0.000000)
lines: vector0.lines
(0.000000,0.000000,0.000000)(0.020000,0.000000,0.000000)(1.000000,0.000000,0.000000)

lines: vector1.lines
(0.020000,0.000000,0.000000)(0.040000,0.000000,0.000000)(1.000000,0.000000,0.000000)

lines: vector2.lines
(0.040000,0.000000,0.000000)(0.060000,0.000000,0.000000)(1.000000,0.000000,0.000000)

lines: vector3.lines
(0.060000,0.000000,0.000000)(0.080000,0.000000,0.000000)(1.000000,0.000000,0.000000)

lines: vector4.lines
(0.080000,0.000000,0.000000)(0.100000,0.000000,0.000000)(1.000000,0.000000,0.000000)

lines: vector5.lines
(0.100000,0.000000,0.000000)(0.120000,0.000000,0.000000)(1.000000,0.000000,0.000000)

lines: vector6.lines
(0.120000,0.000000,0.000000)(0.140000,0.000000,0.000000)(1.000000,0.000000,0.000000)

lines: vector7.lines
(0.140000,0.000000,0.000000)(0.160000,0.000000,0.000000)(1.000000,0.000000,0.000000)

lines: vector8.lines
(0.160000,0.000000,0.000000)(0.180000,0.000000,0.000000)(1.000000,0.000000,0.000000)

lines: vector9.lines
(0.180000,0.000000,0.000000)(0.200000,0.000000,0.000000)(1.000000,0.000000,0.000000)

lines: vector10.lines
(0.200000,0.000000,0.000000)(0.220000,0.000000,0.000000)(1.000000,0.000000,0.000000)

lines: vector11.lines
(0.220000,0.000000,0.000000)(0.240000,0.000000,0.000000)(1.000000,0.000000,0.000000)

lines: vector12.lines
(0.240000,0.000000,0.000000)(0.260000,0.000000,0.000000)(1.000000,0.000000,0.000000)

lines: vector13.lines
(0.260000,0.000000,0.000000)(0.280000,0.000000,0.000000)(1.000000,0.000000,0.000000)

lines: vector14.lines
(0.280000,0.000000,0.000000)(0.300000,0.000000,0.000000)(1.000000,0.000000,0.000000)

lines: vector15.lines
(0.300000,0.000000,0.000000)(0.320000,0.000000,0.000000)(1.000000,0.000000,0.000000)

lines: vector16.lines
(0.320000,0.000000,0.000000)(0.340000,0.000000,0.000000)(1.000000,0.000000,0.000000)

lines: vector17.lines
(0.340000,0.000000,0.000000)(0.360000,0.000000,0.000000)(1.000000,0.000000,0.000000)

lines: vector18.lines
(0.360000,0.000000,0.000000)(0.380000,0.000000,0.000000)(1.000000,0.000000,0.000000)

lines: vector19.lines
(0.380000,0.000000,0.000000)(0.400000,0.000000,0.000000)(1.000000,0.000000,0.000000)

lines: vector20.lines
(0.400000,0.000000,0.000000)(0.420000,0.000000,0.000000)(1.000000,0.000000,0.000000)

lines: vector21.lines
(0.420000,0.000000,0.000000)(0.440000,0.000000,0.000000)(1.000000,0.000000,0.000000)

lines: vector22.lines
(0.440000,0.000000,0.000000)(0.460000,0.000000,0.000000)(1.000000,0.000000,0.000000)

lines: vector23.lines
(0.460000,0.000000,0.000000)(0.480000,0.000000,0.000000)(1.000000,0.000000,0.000000)

lines: vector24.lines
(0.480000,0.000000,0.000000)(0.500000,0.000000,0.000000)(1.000000,0.000000,0.000000)

lines: vector25.lines
(0.500000,0.000000,0.000000)(0.520000,0.000000,0.000000)(1.000000,0.000000,0.000000)

lines: vector26.lines
(0.520000,0.000000,0.000000)(0.540000,0.000000,0.000000)(1.000000,0.000000,0.000000)

lines: vector27.lines
(0.540000,0.000000,0.000000)(0.560000,0.000000,0.000000)(1.000000,0.000000,0.000000)

lines: vector28.lines
(0.560000,0.000000,0.000000)(0.580000,0.000000,0.000000)(1.000000,0.000000,0.000000)

lines: vector29.lines
(0.580000,0.000000,0.000000)(0.600000,0.000000,0.000000)(1.000000,0.000000,0.000000)

lines: vector30.lines
(0.600000,0.000000,0.000000)(0.620000,0.000000,0.000000)(1.000000,0.000000,0.000000)

lines: vector31.lines
(0.620000,0.000000,0.000000)(0.640000,0.000000,0.000000)(1.000000,0.000000,0.000000)

lines: vector32.lines
(0.640000,0.000000,0.000000)(0.660000,0.000000,0.000000)(1.000000,0.000000,0.000000)

lines: vector33.lines
(0.660000,0.000000,0.000000)(0.680000,0.000000,0.000000)(1.000000,0.000000,0.000000)

lines: vector34.lines
(0.680000,0.000000,0.000000)(0.700000,0.000000,0.000000)(1.000000,0.000000,0.000000)

lines: vector35.lines
(0.700000,0.000000,0.000000)(0.720000,0.000000,0.000000)(1.000000,0.000000,0.000000)

lines: vector36.lines
(0.720000,0.000000,0.000000)(0.740000,0.000000,0.000000)(1.000000,0.000000,0.000000)

lines: vector37.lines
(0.740000,0.000000,0.000000)(0.760000,0.000000,0.000000)(1.000000,0.000000,0.000000)

lines: vector38.lines
(0.760000,0.000000,0.000000)(0.780000,0.000000,0.000000)(1.000000,0.000000,0.000000)

lines: vector39.lines
(0.780000,0.000000,0.000000)(0.800000,0.000000,0.000000)(1.000000,0.000000,0.000000)

lines: vector40.lines
(0.800000,0.000000,0.000000)(0.820000,0.000000,0.000000)(1.000000,0.000000,0.000000)

lines: vector41.lines
(0.820000,0.000000,0.000000)(0.840000,0.000000,0.000000)(1.000000,0.000000,0.000000)

lines: vector42.lines
(0.840000,0.000000,0.000000)(0.860000,0.000000,0.000000)(1.000000,0.000000,0.000000)

lines: vector43.lines
(0.860000,0.000000,0.000000)(0.880000,0.000000,0.000000)(1.000000,0.000000,0.000000)

lines: vector44.lines
(0.880000,0.000000,0.000000)(0.900000,0.000000,0.000000)(1.000000,0.000000,0.000000)

lines: vector45.lines
(0.900000,0.000000,0.000000)(0.920000,0.000000,0.000000)(1.000000,0.000000,0.000000)

lines: vector46.lines
(0.920000,0.000000,0.000000)(0.940000,0.000000,0.000000)(1.000000,0.000000,0.000000)

lines: vector47.lines
(0.940000,0.000000,0.000000)(0.960000,0.000000,0.000000)(1.000000,0.000000,0.000000)

lines: vector48.lines
(0.960000,0.000000,0.000000)(0.980000,0.000000,0.000000)(1.000000,0.000000,0.000000)


