points: edge30
(0.100000,0.000000,0.000000)
points: edge31
(0.099211,0.012533,0.000000)
points: edge32
(0.096858,0.024869,0.000000)
points: edge33
(0.092978,0.036812,0.000000)
points: edge34
(0.087631,0.048175,0.000000)
points: edge35
(0.080902,0.058779,0.000000)
points: edge36
(0.072897,0.068455,0.000000)
points: edge37
(0.063742,0.077051,0.000000)
points: edge38
(0.053583,0.084433,0.000000)
points: edge39
(0.042578,0.090483,0.000000)
points: edge310
(0.030902,0.095106,0.000000)
points: edge311
(0.018738,0.098229,0.000000)
points: edge312
(0.006279,0.099803,0.000000)
points: edge313
(-0.006279,0.099803,0.000000)
points: edge314
(-0.018738,0.098229,0.000000)
points: edge315
(-0.030902,0.095106,0.000000)
points: edge316
(-0.042578,0.090483,0.000000)
points: edge317
(-0.053583,0.084433,0.000000)
points: edge318
(-0.063742,0.077051,0.000000)
points: edge319
(-0.072897,0.068455,0.000000)
points: edge320
(-0.080902,0.058779,0.000000)
points: edge321
(-0.087631,0.048175,0.000000)
points: edge322
(-0.092978,0.036812,0.000000)
points: edge323
(-0.096858,0.024869,0.000000)
points: edge324
(-0.099211,0.012533,0.000000)
points: edge325
(-0.100000,-0.000000,0.000000)
points: edge326
(-0.099211,-0.012533,0.000000)
points: edge327
(-0.096858,-0.024869,0.000000)
points: edge328
(-0.092978,-0.036812,0.000000)
points: edge329
(-0.087631,-0.048175,0.000000)
points: edge330
(-0.080902,-0.058779,0.000000)
points: edge331
(-0.072897,-0.068455,0.000000)
points: edge332
(-0.063742,-0.077051,0.000000)
points: edge333
(-0.053583,-0.084433,0.000000)
points: edge334
(-0.042578,-0.090483,0.000000)
points: edge335
(-0.030902,-0.095106,0.000000)
points: edge336
(-0.018738,-0.098229,0.000000)
points: edge337
(-0.006279,-0.099803,0.000000)
points: edge338
(0.006279,-0.099803,0.000000)
points: edge339
(0.018738,-0.098229,0.000000)
points: edge340
(0.030902,-0.095106,0.000000)
points: edge341
(0.042578,-0.090483,0.000000)
points: edge342
(0.053583,-0.084433,0.000000)
points: edge343
(0.063742,-0.077051,0.000000)
points: edge344
(0.072897,-0.068455,0.000000)
points: edge345
(0.080902,-0.058779,0.000000)
points: edge346
(0.087631,-0.048175,0.000000)
points: edge347
(0.092978,-0.036812,0.000000)
points: edge348
(0.096858,-0.024869,0.000000)
points: edge349
(0.099211,-0.012533,0.000000)
lines: vector.0.lines
(0.100000,0.000000,0.000000)(0.099211,0.012533,0.000000)(1.000000,0.000000,0.000000)

lines: vector.1.lines
(0.099211,0.012533,0.000000)(0.096858,0.024869,0.000000)(1.000000,0.000000,0.000000)

lines: vector.2.lines
(0.096858,0.024869,0.000000)(0.092978,0.036812,0.000000)(1.000000,0.000000,0.000000)

lines: vector.3.lines
(0.092978,0.036812,0.000000)(0.087631,0.048175,0.000000)(1.000000,0.000000,0.000000)

lines: vector.4.lines
(0.087631,0.048175,0.000000)(0.080902,0.058779,0.000000)(1.000000,0.000000,0.000000)

lines: vector.5.lines
(0.080902,0.058779,0.000000)(0.072897,0.068455,0.000000)(1.000000,0.000000,0.000000)

lines: vector.6.lines
(0.072897,0.068455,0.000000)(0.063742,0.077051,0.000000)(1.000000,0.000000,0.000000)

lines: vector.7.lines
(0.063742,0.077051,0.000000)(0.053583,0.084433,0.000000)(1.000000,0.000000,0.000000)

lines: vector.8.lines
(0.053583,0.084433,0.000000)(0.042578,0.090483,0.000000)(1.000000,0.000000,0.000000)

lines: vector.9.lines
(0.042578,0.090483,0.000000)(0.030902,0.095106,0.000000)(1.000000,0.000000,0.000000)

lines: vector.10.lines
(0.030902,0.095106,0.000000)(0.018738,0.098229,0.000000)(1.000000,0.000000,0.000000)

lines: vector.11.lines
(0.018738,0.098229,0.000000)(0.006279,0.099803,0.000000)(1.000000,0.000000,0.000000)

lines: vector.12.lines
(0.006279,0.099803,0.000000)(-0.006279,0.099803,0.000000)(1.000000,0.000000,0.000000)

lines: vector.13.lines
(-0.006279,0.099803,0.000000)(-0.018738,0.098229,0.000000)(1.000000,0.000000,0.000000)

lines: vector.14.lines
(-0.018738,0.098229,0.000000)(-0.030902,0.095106,0.000000)(1.000000,0.000000,0.000000)

lines: vector.15.lines
(-0.030902,0.095106,0.000000)(-0.042578,0.090483,0.000000)(1.000000,0.000000,0.000000)

lines: vector.16.lines
(-0.042578,0.090483,0.000000)(-0.053583,0.084433,0.000000)(1.000000,0.000000,0.000000)

lines: vector.17.lines
(-0.053583,0.084433,0.000000)(-0.063742,0.077051,0.000000)(1.000000,0.000000,0.000000)

lines: vector.18.lines
(-0.063742,0.077051,0.000000)(-0.072897,0.068455,0.000000)(1.000000,0.000000,0.000000)

lines: vector.19.lines
(-0.072897,0.068455,0.000000)(-0.080902,0.058779,0.000000)(1.000000,0.000000,0.000000)

lines: vector.20.lines
(-0.080902,0.058779,0.000000)(-0.087631,0.048175,0.000000)(1.000000,0.000000,0.000000)

lines: vector.21.lines
(-0.087631,0.048175,0.000000)(-0.092978,0.036812,0.000000)(1.000000,0.000000,0.000000)

lines: vector.22.lines
(-0.092978,0.036812,0.000000)(-0.096858,0.024869,0.000000)(1.000000,0.000000,0.000000)

lines: vector.23.lines
(-0.096858,0.024869,0.000000)(-0.099211,0.012533,0.000000)(1.000000,0.000000,0.000000)

lines: vector.24.lines
(-0.099211,0.012533,0.000000)(-0.100000,-0.000000,0.000000)(1.000000,0.000000,0.000000)

lines: vector.25.lines
(-0.100000,-0.000000,0.000000)(-0.099211,-0.012533,0.000000)(1.000000,0.000000,0.000000)

lines: vector.26.lines
(-0.099211,-0.012533,0.000000)(-0.096858,-0.024869,0.000000)(1.000000,0.000000,0.000000)

lines: vector.27.lines
(-0.096858,-0.024869,0.000000)(-0.092978,-0.036812,0.000000)(1.000000,0.000000,0.000000)

lines: vector.28.lines
(-0.092978,-0.036812,0.000000)(-0.087631,-0.048175,0.000000)(1.000000,0.000000,0.000000)

lines: vector.29.lines
(-0.087631,-0.048175,0.000000)(-0.080902,-0.058779,0.000000)(1.000000,0.000000,0.000000)

lines: vector.30.lines
(-0.080902,-0.058779,0.000000)(-0.072897,-0.068455,0.000000)(1.000000,0.000000,0.000000)

lines: vector.31.lines
(-0.072897,-0.068455,0.000000)(-0.063742,-0.077051,0.000000)(1.000000,0.000000,0.000000)

lines: vector.32.lines
(-0.063742,-0.077051,0.000000)(-0.053583,-0.084433,0.000000)(1.000000,0.000000,0.000000)

lines: vector.33.lines
(-0.053583,-0.084433,0.000000)(-0.042578,-0.090483,0.000000)(1.000000,0.000000,0.000000)

lines: vector.34.lines
(-0.042578,-0.090483,0.000000)(-0.030902,-0.095106,0.000000)(1.000000,0.000000,0.000000)

lines: vector.35.lines
(-0.030902,-0.095106,0.000000)(-0.018738,-0.098229,0.000000)(1.000000,0.000000,0.000000)

lines: vector.36.lines
(-0.018738,-0.098229,0.000000)(-0.006279,-0.099803,0.000000)(1.000000,0.000000,0.000000)

lines: vector.37.lines
(-0.006279,-0.099803,0.000000)(0.006279,-0.099803,0.000000)(1.000000,0.000000,0.000000)

lines: vector.38.lines
(0.006279,-0.099803,0.000000)(0.018738,-0.098229,0.000000)(1.000000,0.000000,0.000000)

lines: vector.39.lines
(0.018738,-0.098229,0.000000)(0.030902,-0.095106,0.000000)(1.000000,0.000000,0.000000)

lines: vector.40.lines
(0.030902,-0.095106,0.000000)(0.042578,-0.090483,0.000000)(1.000000,0.000000,0.000000)

lines: vector.41.lines
(0.042578,-0.090483,0.000000)(0.053583,-0.084433,0.000000)(1.000000,0.000000,0.000000)

lines: vector.42.lines
(0.053583,-0.084433,0.000000)(0.063742,-0.077051,0.000000)(1.000000,0.000000,0.000000)

lines: vector.43.lines
(0.063742,-0.077051,0.000000)(0.072897,-0.068455,0.000000)(1.000000,0.000000,0.000000)

lines: vector.44.lines
(0.072897,-0.068455,0.000000)(0.080902,-0.058779,0.000000)(1.000000,0.000000,0.000000)

lines: vector.45.lines
(0.080902,-0.058779,0.000000)(0.087631,-0.048175,0.000000)(1.000000,0.000000,0.000000)

lines: vector.46.lines
(0.087631,-0.048175,0.000000)(0.092978,-0.036812,0.000000)(1.000000,0.000000,0.000000)

lines: vector.47.lines
(0.092978,-0.036812,0.000000)(0.096858,-0.024869,0.000000)(1.000000,0.000000,0.000000)

lines: vector.48.lines
(0.096858,-0.024869,0.000000)(0.099211,-0.012533,0.000000)(1.000000,0.000000,0.000000)


